,EEG Fp1,EEG F3,EEG C3,EEG P3,EEG O1,EEG F7,EEG T5,EEG Fc1,EEG Fc5,EEG Cp1,EEG Cp5,EEG F9,EEG Fz,EEG Pz,EEG F4,EEG C4,EEG P4,EEG O2,EEG F8,EEG T4,EEG T6,EEG Fc2,EEG Fc6,EEG Cp2,EEG Cp6,EEG F10,SPO2,HR,1,2,EEG FP2,EEG P9,EEG P10,PLET,61,62,63,64,EEG T3,EEG CZ,3,23,33,31,A,B,C,D,MK
EEG Fp1,1.0,0.4828140978705854,-0.053612692732343134,-0.256282654795831,-0.28527274155093946,0.31008150832150705,-0.19649929975272798,0.12036779490246405,0.1440339851330569,-0.25314826066056706,-0.14000301198727322,-0.007720596680820861,0.5312668132617817,-0.3316485700450757,0.09043408632758172,-0.2859997625722913,-0.36527283108321945,-0.31409981325996333,-0.0636308382706382,-0.2440534647243092,-0.3057568360753202,-0.1957681169446321,-0.16414219320704376,-0.3729429886256327,-0.32016666560954216,-0.2941047282799489,,,-0.04242319408990863,-0.04712165668755537,0.6543705692849278,0.117475592932938,0.11650444843423917,,0.11721365880473059,0.1159660012978094,0.11614792195122779,0.115330216065857,-0.04745702011043733,-0.3409461970043465,0.11718763613704439,0.11846379491164695,0.1171262144967085,0.11567511464265975,-0.0025483603075827366,-0.00689185241555318,-0.02894981416428978,-0.03206984764680845,-0.012875007127805033
EEG F3,0.4828140978705854,1.0,0.3146430067263355,0.04560237319460774,-0.06114183301277243,0.5919262788241066,0.06624279597728704,0.4801535524110739,0.44251811243815614,0.046354680824074866,0.1984340536727774,0.3991075217366985,0.3269862525155793,-0.15414797977133027,-0.2990793711014823,-0.37602075379810757,-0.2765290922861593,-0.1382243517048108,-0.4502972560703219,-0.34286085859252274,-0.23865695561402425,-0.3622279831452347,-0.4095967188707263,-0.3057496225139011,-0.3381117856172226,-0.48594987719580696,,,-0.1122654247466856,-0.00989367680276211,0.4594698302494506,0.06507450655273701,0.0638434936077543,,0.06519716199578307,0.06352483506240185,0.06260252676255945,0.06414230110439048,0.24448881550765086,-0.23226381673515528,0.06247220553910349,0.06378964842612193,0.06250284409954249,0.06385875770543945,0.07252836700522042,0.00913728254572705,0.006330531346601569,-0.017667785961274912,0.01843875357184848
EEG C3,-0.053612692732343134,0.3146430067263355,1.0,0.5879053451008555,0.3496897924812677,0.3374205790518808,0.4351772735628537,0.6951688927607127,0.16847518919972024,0.6380863074966451,0.6397467627578179,0.5134411781684967,-0.09818786914432645,0.308035281105299,-0.2965512844411249,-0.02264356549430134,0.14993170417825272,0.25242129983771927,-0.3422504446629959,-0.12025167265141805,0.0924876558645223,-0.18297655066648422,-0.21941780230789054,0.12831335780694705,0.04538382728692942,-0.15331438912086315,,,-0.1420575015546504,0.15065063470695295,-0.1665786229721168,0.017631769873753263,0.017704677488681268,,0.019046011061830515,0.019440400009929134,0.019204972306060022,0.01825409696012788,0.30724756296616607,0.23847399688828425,0.017011280698828377,0.01791373227752452,0.01881669443373926,0.018792869779418433,0.16346140860949815,0.02802329848294256,0.034222216176838925,0.010717928773574838,0.016781429167449534
EEG P3,-0.256282654795831,0.04560237319460774,0.5879053451008555,1.0,0.8435276208094835,0.3258351248214026,0.8466506635626104,0.4593235942587347,0.43350036099117734,0.8430091489714379,0.8863378838395594,0.5845940145977327,-0.23199048639697772,0.7755451882223264,-0.12363960773179228,0.2602935242583427,0.628000343593712,0.7447491707378421,-0.05568175309463215,0.28379340550619425,0.5391653528759237,0.06651015101483634,0.1191516867331468,0.5598813573108168,0.4408058306361406,0.1772656265941957,,,-0.17545549312033237,0.2702863377837926,-0.2843695888822415,-0.01415435217796404,-0.013630952807629229,,-0.014040381915035467,-0.012130135164344804,-0.013144005577656017,-0.013522181030184467,0.6369009442719092,0.5785250719435361,-0.015089241116461894,-0.013043319611177436,-0.01247631724325931,-0.012201289820130997,0.23868560388025178,0.062015478109133444,0.07821628784607869,0.04894124752076831,0.014221938745363281
EEG O1,-0.28527274155093946,-0.06114183301277243,0.3496897924812677,0.8435276208094835,1.0,0.22847195676141172,0.8218629989333689,0.24216660383456265,0.3589875701865587,0.6652923163285239,0.7111266358783991,0.49674480151374567,-0.19984863642940356,0.7463885425113395,-0.00957876582697874,0.333170435002072,0.7119640957791197,0.8815813989026124,0.0853237404444762,0.40132705110044803,0.6580166622972148,0.14737695046064264,0.24864587516755066,0.5785799474381538,0.5262883155158377,0.2972775815746207,,,-0.17966355583370644,0.29515023393092354,-0.2700413182913334,-0.10368395874810225,-0.10397045890449086,,-0.10389822467005569,-0.10240843267017893,-0.10371681598840654,-0.10426357968143984,0.5996830904580029,0.5180574532853425,-0.10410892412704917,-0.10340240657026542,-0.10175379309574455,-0.10271504879933206,0.2526781750731852,0.10441750480611726,0.11630445133542908,0.10974208947053211,0.0063597747169335085
EEG F7,0.31008150832150705,0.5919262788241066,0.3374205790518808,0.3258351248214026,0.22847195676141172,1.0,0.39932452628342296,0.4712447449201336,0.7563347247797348,0.23995937316779634,0.5044683932597064,0.8336700414466657,0.10127864921764833,0.06953893137371961,-0.447922748728174,-0.3287540005030982,-0.06147454777360108,0.11831074722804198,-0.5606680315695545,-0.22175100862578823,-0.022201848053751593,-0.412019527524897,-0.4189017704564031,-0.1330840769920604,-0.19638937819503757,-0.42129005467596536,,,-0.09314569758802949,0.09747828397904677,0.028213498775365806,0.04039139392238432,0.03878416114755485,,0.04158607664658646,0.04160621317793922,0.04054360787540501,0.04157291686440149,0.6565426320253842,-0.0590410453485678,0.039216949668835,0.040534048198232364,0.038711721680488934,0.041398737625234085,0.12680283952867125,0.010949673951159285,0.02425068977399076,-0.007903191753500205,0.01878069773493683
EEG T5,-0.19649929975272798,0.06624279597728704,0.4351772735628537,0.8466506635626104,0.8218629989333689,0.39932452628342296,1.0,0.34869210741022694,0.5170572727675276,0.6407398193516762,0.8471460301441316,0.66267193023042,-0.18566802261690435,0.5972059729348953,-0.10789305161786424,0.17461172555155632,0.49476093899087636,0.6719400559671405,-0.03714037322833622,0.26149861758203863,0.47607722368176075,0.037084930627548696,0.10901531031397645,0.40906972714553436,0.3536726148525366,0.1595360682589764,,,-0.34591488907618884,0.41914132993607217,-0.24909295618495733,0.010936648587149492,0.010964618669174083,,0.010491979121873857,0.011880157628477219,0.011184505767175624,0.01117173250177635,0.7996823756037388,0.4147453016691489,0.009583706365339116,0.011204610294930398,0.011086093267378047,0.0124693205056803,0.4076822466310602,0.09938535911780083,0.11479095885059358,0.06931017550259858,0.006921418075705695
EEG Fc1,0.12036779490246405,0.4801535524110739,0.6951688927607127,0.4593235942587347,0.24216660383456265,0.4712447449201336,0.34869210741022694,1.0,0.3956668561442726,0.5244308637195715,0.5140451839021162,0.5078612760333708,0.1204292386236647,0.23340107716361044,-0.28531447566911183,-0.1393297878089022,0.05148656761105099,0.1712119491487591,-0.3611784623370678,-0.14632530330243554,0.03154939365342813,-0.1943178896464233,-0.2606503057349489,0.06702506892995805,-0.05125653041548454,-0.24676970448146762,,,-0.12472616336128381,0.06956291748510962,-0.014915129517379196,0.10902216590739168,0.1104847094130611,,0.11052358961339108,0.10998384629801429,0.11092257225043059,0.10969476948350909,0.3638070067759892,0.2677570449134492,0.10959109668667913,0.11148156509955119,0.11078198265919373,0.1115504937039102,0.10507754149689823,-0.02166751851550207,-0.004388498740223014,-0.05297492202240061,0.027067193291290027
EEG Fc5,0.1440339851330569,0.44251811243815614,0.16847518919972024,0.43350036099117734,0.3589875701865587,0.7563347247797348,0.5170572727675276,0.3956668561442726,1.0,0.29541140948268085,0.5767588762350021,0.7505909084097109,0.04084655770687689,0.19795071168374548,-0.31311674769901116,-0.17577169816310523,0.08903769884639004,0.25308746008688304,-0.35896249842388694,-0.04016088768287492,0.12739233416688497,-0.2513168673838028,-0.21245024098999504,0.01921569272978858,-0.029889265338498235,-0.21293318203224795,,,-0.12292560548992487,0.15121967150700216,-0.04617858923946037,0.024386496529054832,0.023871902662908888,,0.02500220839333451,0.025636206692233356,0.02491809921597847,0.025707821254812573,0.7177909793343499,0.07138223477222841,0.024078171361535,0.025433301329472472,0.024198510971442225,0.02583984508187909,0.15991088098623313,0.03193310703017641,0.04762567074698173,0.009914554804616674,0.013617551196589377
EEG Cp1,-0.25314826066056706,0.046354680824074866,0.6380863074966451,0.8430091489714379,0.6652923163285239,0.23995937316779634,0.6407398193516762,0.5244308637195715,0.29541140948268085,1.0,0.7311251717287296,0.47307016484597925,-0.20073747892706836,0.7583525504462011,-0.14612801400047898,0.25586701051603944,0.5816978910721912,0.6037393972474848,-0.09877805075231202,0.20885660236605785,0.43240664019462555,0.061399284161823844,0.07349348215627136,0.5788607401389333,0.37988224832827455,0.13185812604175465,,,-0.07576163021500125,0.17312577025605994,-0.28279424560956107,0.0041992101349936,0.004474538116571073,,0.005410307617869328,0.007088004978691071,0.00547746268720374,0.005954083238563347,0.4627072979709191,0.6498056052024713,0.004382893715225632,0.004960291620268577,0.0040880311897347685,0.005545722652938333,0.141121970759037,0.023949953462342785,0.046323807996180126,0.0176884721665589,0.007747009737896474
EEG Cp5,-0.14000301198727322,0.1984340536727774,0.6397467627578179,0.8863378838395594,0.7111266358783991,0.5044683932597064,0.8471460301441316,0.5140451839021162,0.5767588762350021,0.7311251717287296,1.0,0.7342685785104636,-0.15713215568655545,0.5603446051449997,-0.22962337480440756,0.0979519229284425,0.42038649051421867,0.5682726492550773,-0.1936872017573732,0.1389019577531344,0.37561618510141537,-0.0728560406844619,-0.024718540544200366,0.3453291224545155,0.2643880334838923,0.04372128167868704,,,-0.23700614202552067,0.3179992564855043,-0.241281052261438,0.00803728515317895,0.007835962397125702,,0.00842575195874102,0.0104785805348287,0.008839403275943698,0.00947613961038897,0.7135762685439757,0.3799112158040019,0.007302508740456335,0.008349504504800646,0.008587962452502332,0.009624580035826256,0.3043236725036083,0.07030646623946032,0.08438611217585426,0.05065242850182416,0.014134247172246078
EEG F9,-0.007720596680820861,0.3991075217366985,0.5134411781684967,0.5845940145977327,0.49674480151374567,0.8336700414466657,0.66267193023042,0.5078612760333708,0.7505909084097109,0.47307016484597925,0.7342685785104636,1.0,-0.12350294447994319,0.3005344718998574,-0.4371891486755778,-0.12290214352087381,0.19011305035371012,0.37262390593696565,-0.48412657669269316,-0.0538586356713558,0.20263893470713218,-0.28233298885862723,-0.2731374059578415,0.10379094931185438,0.041029600684776325,-0.18529190701493278,,,-0.14916415467290775,0.22972354674745252,-0.23545137429474863,0.020145554154168036,0.01865693531904361,,0.021093480786158306,0.02247537601282019,0.0213027279947684,0.022314947938643467,0.7917907678480915,0.15449509375225096,0.019681090292713675,0.020616230032967378,0.020367270134537506,0.02186751212354485,0.2250391806228473,0.03619536098996888,0.056053265188228805,0.011519413864878406,0.017324256489866293
EEG Fz,0.5312668132617817,0.3269862525155793,-0.09818786914432645,-0.23199048639697772,-0.19984863642940356,0.10127864921764833,-0.18566802261690435,0.1204292386236647,0.04084655770687689,-0.20073747892706836,-0.15713215568655545,-0.12350294447994319,1.0,-0.23274025047275984,0.2957792352528901,-0.06885991857816227,-0.1724401956896917,-0.20442300844074204,0.16834518954967453,-0.03821288461568326,-0.14634437793276864,0.11389918566487625,0.0838335527987427,-0.18363572504709308,-0.1303406214391552,-0.05538540144513494,,,0.03999533923839489,-0.04310501636818314,0.5193934294395296,0.04894414145575916,0.04763469348157163,,0.048911821397751166,0.04833246460250785,0.048077844818404374,0.04608536179303881,-0.09055060646768362,-0.21365764901277318,0.05087216118319303,0.049659640100420406,0.043274926968873986,0.0478425069325217,-0.02757763397440819,-0.004454714013155734,-0.010824236071786352,-0.008615662883619927,-0.013536817124429624
EEG Pz,-0.3316485700450757,-0.15414797977133027,0.308035281105299,0.7755451882223264,0.7463885425113395,0.06953893137371961,0.5972059729348953,0.23340107716361044,0.19795071168374548,0.7583525504462011,0.5603446051449997,0.3005344718998574,-0.23274025047275984,1.0,0.05202062718113552,0.4904253719435581,0.8209504792224914,0.7733260061397713,0.13450568965231569,0.4377117570339613,0.6489095381159151,0.2835759048005104,0.31338483982713783,0.7993629719049943,0.6289128837981566,0.3395014064118937,,,0.019964999901664948,0.11376816602992484,-0.2890128539286337,-0.026391782007679672,-0.026024341121287674,,-0.025734231824957005,-0.025237252670773515,-0.026268644968841168,-0.02652911378517549,0.3968349829765634,0.7559378103501933,-0.026680124368882115,-0.02616449281410117,-0.02541464990166954,-0.02497153573498357,0.053526567373719365,0.015693676963347274,0.02845302773709074,0.024366098382931613,0.0023136448780948717
EEG F4,0.09043408632758172,-0.2990793711014823,-0.2965512844411249,-0.12363960773179228,-0.00957876582697874,-0.447922748728174,-0.10789305161786424,-0.28531447566911183,-0.31311674769901116,-0.14612801400047898,-0.22962337480440756,-0.4371891486755778,0.2957792352528901,0.05202062718113552,1.0,0.45757969141076815,0.23023709617856752,0.09855234749449412,0.7403979864495639,0.46517598825576184,0.28953557734706586,0.575280111077827,0.6766906766067967,0.24327451778430167,0.41187144254226477,0.5613290891745218,,,0.13633789324290213,-0.06827714414859533,0.30167395946754516,0.059218414162891184,0.060946629421999174,,0.05620923642328531,0.057364109298002945,0.057966814130918025,0.05551895924733871,-0.2230233361971929,0.09191455939108505,0.05886024460099761,0.060351295614720864,0.05831228502372009,0.06046606176243614,-0.13023974608091232,-0.02805848741035834,-0.03334356347007403,-0.02869404370338019,-0.03407038478741576
EEG C4,-0.2859997625722913,-0.37602075379810757,-0.02264356549430134,0.2602935242583427,0.333170435002072,-0.3287540005030982,0.17461172555155632,-0.1393297878089022,-0.17577169816310523,0.25586701051603944,0.0979519229284425,-0.12290214352087381,-0.06885991857816227,0.4904253719435581,0.45757969141076815,1.0,0.6932048989920544,0.45189328251430694,0.4248666926723381,0.3976745409460908,0.5393136236720919,0.7511073805123987,0.4975045708328685,0.734748124651998,0.7773283324920631,0.5645463524167987,,,0.18558074659713833,-0.0569004952533162,-0.13980582270252936,-0.010940939926423657,-0.009126620352603613,,-0.011875473463991397,-0.010069532729646854,-0.009946740779910495,-0.01175653899438252,-0.018536076307147178,0.49664380459848395,-0.009664636469065957,-0.010226326604197764,-0.008827071807870417,-0.009466375799089448,-0.14758525657880622,-0.023667984303494566,-0.030754455687216638,-0.01880895272814801,-0.009879825941137304
EEG P4,-0.36527283108321945,-0.2765290922861593,0.14993170417825272,0.628000343593712,0.7119640957791197,-0.06147454777360108,0.49476093899087636,0.05148656761105099,0.08903769884639004,0.5816978910721912,0.42038649051421867,0.19011305035371012,-0.1724401956896917,0.8209504792224914,0.23023709617856752,0.6932048989920544,1.0,0.8231590400014859,0.31849155716203703,0.5774505858441891,0.8060255322344257,0.45254961799319915,0.4972090622798924,0.8582112394345541,0.8535567815523875,0.5358945256035872,,,0.18293632386287834,0.01616576446589514,-0.25582649783145894,-0.07626906381751708,-0.07626553187660802,,-0.07748731860986269,-0.07393445947814184,-0.07653976783684274,-0.07512582431974159,0.2967902251557592,0.6504107145678724,-0.07574115935399543,-0.07620969617469141,-0.07543834748890195,-0.07475357780563463,-0.09173616078024868,0.004032908835612394,0.015667323761040453,0.036425513821722176,-0.002505678565023773
EEG O2,-0.31409981325996333,-0.1382243517048108,0.25242129983771927,0.7447491707378421,0.8815813989026124,0.11831074722804198,0.6719400559671405,0.1712119491487591,0.25308746008688304,0.6037393972474848,0.5682726492550773,0.37262390593696565,-0.20442300844074204,0.7733260061397713,0.09855234749449412,0.45189328251430694,0.8231590400014859,1.0,0.2056097345911681,0.5294733349785133,0.819972224560208,0.2746937985800047,0.37469321405623657,0.6792587448470332,0.6755610290068756,0.4264471863678229,,,0.014683876109818614,0.13542175523418454,-0.24577393721298404,-0.019284708865059834,-0.018632495719194085,,-0.019749795435339158,-0.01791681052031053,-0.019024927275596865,-0.02000211499855184,0.47524546964516157,0.560320999927288,-0.01993583950456893,-0.01823844832742626,-0.017482129755415025,-0.017704972932074986,0.05868690144460418,0.01592781202563484,0.038335966343088786,0.022026108911055987,0.003465944972734053
EEG F8,-0.0636308382706382,-0.4502972560703219,-0.3422504446629959,-0.05568175309463215,0.0853237404444762,-0.5606680315695545,-0.03714037322833622,-0.3611784623370678,-0.35896249842388694,-0.09877805075231202,-0.1936872017573732,-0.48412657669269316,0.16834518954967453,0.13450568965231569,0.7403979864495639,0.4248666926723381,0.31849155716203703,0.2056097345911681,1.0,0.7006543078408729,0.4467979772185678,0.5453029721125158,0.8145697906274724,0.29432108822452313,0.4932438640387212,0.7756401792445331,,,0.1802449417987722,-0.07978668022988686,0.19833340498177499,0.033262903041148914,0.03457904292314815,,0.029640254321617494,0.031360278674352905,0.03164673056593076,0.02964260481676106,-0.18583012426678774,0.15704840456047017,0.03351115226661259,0.0338266863979792,0.03280159545241207,0.03402919511383435,-0.16131127950243157,-0.03053032666111716,-0.03809779882197725,-0.03128493638887905,-0.03495158740787674
EEG T4,-0.2440534647243092,-0.34286085859252274,-0.12025167265141805,0.28379340550619425,0.40132705110044803,-0.22175100862578823,0.26149861758203863,-0.14632530330243554,-0.04016088768287492,0.20885660236605785,0.1389019577531344,-0.0538586356713558,-0.03821288461568326,0.4377117570339613,0.46517598825576184,0.3976745409460908,0.5774505858441891,0.5294733349785133,0.7006543078408729,1.0,0.7820074766729962,0.42074652446355715,0.7668497535728023,0.48648812978629125,0.627913483887763,0.7511145559576986,,,0.3058880794816807,-0.12357169093569362,-0.05921076273923442,-0.00048470708488734424,0.0006542694836588344,,-0.002953343955975065,-0.0007728870714681751,-0.0013492766971832547,-0.002772823681608676,0.16303512663364697,0.3612197555410309,-0.001273311488816723,-0.00023531735069321378,0.0004915328735087618,9.161467615522797e-05,-0.24296687220337895,-0.04855962448731362,-0.036486256282461375,-0.04632972622266833,-0.02271994012463926
EEG T6,-0.3057568360753202,-0.23865695561402425,0.0924876558645223,0.5391653528759237,0.6580166622972148,-0.022201848053751593,0.47607722368176075,0.03154939365342813,0.12739233416688497,0.43240664019462555,0.37561618510141537,0.20263893470713218,-0.14634437793276864,0.6489095381159151,0.28953557734706586,0.5393136236720919,0.8060255322344257,0.819972224560208,0.4467979772185678,0.7820074766729962,1.0,0.40381845561174384,0.593368090718004,0.6644813790819273,0.7895890566063215,0.6490441525210932,,,0.31029054764750946,-0.09580225008697048,-0.1834404369722916,0.010313779568855182,0.011675899930002818,,0.00851752185889591,0.011007951541285315,0.010247245750211246,0.009109019110970057,0.3301525321040924,0.5091686141151109,0.009493752406547512,0.01121337312544227,0.012584280455320392,0.012044748567102196,-0.22586767339621103,-0.05451624525900094,-0.0405725096949698,-0.05638257844101518,-0.005824386809328206
EEG Fc2,-0.1957681169446321,-0.3622279831452347,-0.18297655066648422,0.06651015101483634,0.14737695046064264,-0.412019527524897,0.037084930627548696,-0.1943178896464233,-0.2513168673838028,0.061399284161823844,-0.0728560406844619,-0.28233298885862723,0.11389918566487625,0.2835759048005104,0.575280111077827,0.7511073805123987,0.45254961799319915,0.2746937985800047,0.5453029721125158,0.42074652446355715,0.40381845561174384,1.0,0.5863644517865632,0.5478366460854525,0.5861776763057742,0.5423465732844512,,,0.1216546528494118,-0.053607124085455975,0.0014734819427484904,0.10785987010835439,0.11119073737965149,,0.10628002116686311,0.1069936571165647,0.10844610397655884,0.10514074688267659,-0.1203027282563331,0.3969806511896073,0.10836653286674347,0.10913860899783825,0.10899696731779797,0.1100277381922565,-0.12328373654730415,-0.06763942527679413,-0.05903750302841455,-0.08757274576499618,-0.028653833882089762
EEG Fc6,-0.16414219320704376,-0.4095967188707263,-0.21941780230789054,0.1191516867331468,0.24864587516755066,-0.4189017704564031,0.10901531031397645,-0.2606503057349489,-0.21245024098999504,0.07349348215627136,-0.024718540544200366,-0.2731374059578415,0.0838335527987427,0.31338483982713783,0.6766906766067967,0.4975045708328685,0.4972090622798924,0.37469321405623657,0.8145697906274724,0.7668497535728023,0.593368090718004,0.5863644517865632,1.0,0.45459752639969436,0.6332971437373244,0.7768295262946072,,,0.23366855193659175,-0.09038693824202133,0.06085479100339763,0.011435352336193954,0.01258485334625867,,0.00879431299117508,0.010716443588783067,0.01048156999289011,0.008924005580688035,-0.037015580776858625,0.293993708071545,0.011759400250878944,0.01242482002359727,0.012133530695563265,0.012076148393754744,-0.1929254921875481,-0.031356197899704404,-0.039768143710929536,-0.030695633585534995,-0.025637402187120902
EEG Cp2,-0.3729429886256327,-0.3057496225139011,0.12831335780694705,0.5598813573108168,0.5785799474381538,-0.1330840769920604,0.40906972714553436,0.06702506892995805,0.01921569272978858,0.5788607401389333,0.3453291224545155,0.10379094931185438,-0.18363572504709308,0.7993629719049943,0.24327451778430167,0.734748124651998,0.8582112394345541,0.6792587448470332,0.29432108822452313,0.48648812978629125,0.6644813790819273,0.5478366460854525,0.45459752639969436,1.0,0.764020851396183,0.48977785329802154,,,0.13161134204558375,0.007155196745372988,-0.2555255918743748,-0.005894609775577375,-0.0037732115775924125,,-0.005966631463652636,-0.004263887997870614,-0.004753880609022151,-0.0047200451545654125,0.21031858458206626,0.7575806544664025,-0.004905121234090714,-0.004991181924032094,-0.004051547885794246,-0.003317349792739566,-0.07608544732033058,-0.02116382448324177,-0.010700626751652976,-0.007311587263840177,-0.0021457734302449435
EEG Cp6,-0.32016666560954216,-0.3381117856172226,0.04538382728692942,0.4408058306361406,0.5262883155158377,-0.19638937819503757,0.3536726148525366,-0.05125653041548454,-0.029889265338498235,0.37988224832827455,0.2643880334838923,0.041029600684776325,-0.1303406214391552,0.6289128837981566,0.41187144254226477,0.7773283324920631,0.8535567815523875,0.6755610290068756,0.4932438640387212,0.627913483887763,0.7895890566063215,0.5861776763057742,0.6332971437373244,0.764020851396183,1.0,0.6770050324074667,,,0.25678495499544857,-0.07326409403856926,-0.16947065548227297,0.0033797030200986037,0.005076024273507964,,0.0020431710444931005,0.0042149528576456725,0.003792026933213064,0.0019826621583693893,0.1698415611185898,0.5376248948054718,0.003701534226510657,0.004625581239097377,0.006204769582440434,0.005596305659275566,-0.19368118067825588,-0.03994154574018026,-0.036663776754392724,-0.039628192415407056,-0.00955418910043509
EEG F10,-0.2941047282799489,-0.48594987719580696,-0.15331438912086315,0.1772656265941957,0.2972775815746207,-0.42129005467596536,0.1595360682589764,-0.24676970448146762,-0.21293318203224795,0.13185812604175465,0.04372128167868704,-0.18529190701493278,-0.05538540144513494,0.3395014064118937,0.5613290891745218,0.5645463524167987,0.5358945256035872,0.4264471863678229,0.7756401792445331,0.7511145559576986,0.6490441525210932,0.5423465732844512,0.7768295262946072,0.48977785329802154,0.6770050324074667,1.0,,,0.347276059558136,-0.12209433961689183,-0.09171659264388082,0.058966429418332425,0.06024040179648773,,0.05716845314117247,0.059911389753790394,0.0580563898023827,0.05776582057524137,-8.940505855564673e-05,0.32889956895862615,0.060200395705100454,0.058801684359554435,0.05971458784519174,0.05996109316095034,-0.2611745656317944,-0.07469058128564815,-0.07259552927201182,-0.08293903099933421,-0.034903478530826766
SPO2,,,,,,,,,,,,,,,,,,,,,,,,,,,,,,,,,,,,,,,,,,,,,,,,,
HR,,,,,,,,,,,,,,,,,,,,,,,,,,,,,,,,,,,,,,,,,,,,,,,,,
1,-0.04242319408990863,-0.1122654247466856,-0.1420575015546504,-0.17545549312033237,-0.17966355583370644,-0.09314569758802949,-0.34591488907618884,-0.12472616336128381,-0.12292560548992487,-0.07576163021500125,-0.23700614202552067,-0.14916415467290775,0.03999533923839489,0.019964999901664948,0.13633789324290213,0.18558074659713833,0.18293632386287834,0.014683876109818614,0.1802449417987722,0.3058880794816807,0.31029054764750946,0.1216546528494118,0.23366855193659175,0.13161134204558375,0.25678495499544857,0.347276059558136,,,1.0,-0.6137207325318297,-0.013775851699619679,0.0021578945902442016,0.0006096740907162639,,0.0013326836796226074,0.0041003907558004055,0.0008660381297983414,0.004413311909564087,-0.2357742561396735,0.030438501780733377,0.0012538995073431657,0.0010742710470011687,-0.0010755522333390766,0.0008162045988716903,-0.818003886172273,-0.2064833817354027,-0.20219965165656206,-0.1529828386561095,0.0030281968629229158
2,-0.04712165668755537,-0.00989367680276211,0.15065063470695295,0.2702863377837926,0.29515023393092354,0.09747828397904677,0.41914132993607217,0.06956291748510962,0.15121967150700216,0.17312577025605994,0.3179992564855043,0.22972354674745252,-0.04310501636818314,0.11376816602992484,-0.06827714414859533,-0.0569004952533162,0.01616576446589514,0.13542175523418454,-0.07978668022988686,-0.12357169093569362,-0.09580225008697048,-0.053607124085455975,-0.09038693824202133,0.007155196745372988,-0.07326409403856926,-0.12209433961689183,,,-0.6137207325318297,1.0,-0.09630156051124317,0.05591382271562362,0.055313959339667,,0.05485608540763536,0.05638231769423278,0.05630502033596605,0.05716373969779747,0.3002457748569033,0.036801359665381415,0.055320757881377546,0.055708416167151054,0.0532384318403809,0.055850684143245066,0.9243461986009278,0.15039547172419326,0.1452196969631519,0.11609656989790447,-0.01158704148975059
EEG FP2,0.6543705692849278,0.4594698302494506,-0.1665786229721168,-0.2843695888822415,-0.2700413182913334,0.028213498775365806,-0.24909295618495733,-0.014915129517379196,-0.04617858923946037,-0.28279424560956107,-0.241281052261438,-0.23545137429474863,0.5193934294395296,-0.2890128539286337,0.30167395946754516,-0.13980582270252936,-0.25582649783145894,-0.24577393721298404,0.19833340498177499,-0.05921076273923442,-0.1834404369722916,0.0014734819427484904,0.06085479100339763,-0.2555255918743748,-0.16947065548227297,-0.09171659264388082,,,-0.013775851699619679,-0.09630156051124317,1.0,0.08731867902842991,0.08648098694088133,,0.08771288102772302,0.08441287455542133,0.08442542445030542,0.0854258096763532,-0.16435181057478532,-0.3022742817377818,0.08635917179289138,0.08742699909798518,0.08426424888494333,0.08550713577391622,-0.03779750592216646,-0.005260937354017715,-0.013987301897078343,-0.02057788950087295,-0.010313022613287792
EEG P9,0.117475592932938,0.06507450655273701,0.017631769873753263,-0.01415435217796404,-0.10368395874810225,0.04039139392238432,0.010936648587149492,0.10902216590739168,0.024386496529054832,0.0041992101349936,0.00803728515317895,0.020145554154168036,0.04894414145575916,-0.026391782007679672,0.059218414162891184,-0.010940939926423657,-0.07626906381751708,-0.019284708865059834,0.033262903041148914,-0.00048470708488734424,0.010313779568855182,0.10785987010835439,0.011435352336193954,-0.005894609775577375,0.0033797030200986037,0.058966429418332425,,,0.0021578945902442016,0.05591382271562362,0.08731867902842991,1.0,0.9982096756812141,,0.9973945198444906,0.9981757166286347,0.9979321768925801,0.99742542070016,0.0015678270149106686,-0.0025319825174058715,0.9979149873372665,0.9978544886737492,0.9931136644790813,0.9980224065478898,0.04486152952376513,-0.3968786112383142,-0.3532168042480338,-0.6133440674220951,-0.0006582928763885178
EEG P10,0.11650444843423917,0.0638434936077543,0.017704677488681268,-0.013630952807629229,-0.10397045890449086,0.03878416114755485,0.010964618669174083,0.1104847094130611,0.023871902662908888,0.004474538116571073,0.007835962397125702,0.01865693531904361,0.04763469348157163,-0.026024341121287674,0.060946629421999174,-0.009126620352603613,-0.07626553187660802,-0.018632495719194085,0.03457904292314815,0.0006542694836588344,0.011675899930002818,0.11119073737965149,0.01258485334625867,-0.0037732115775924125,0.005076024273507964,0.06024040179648773,,,0.0006096740907162639,0.055313959339667,0.08648098694088133,0.9982096756812141,1.0,,0.9976546599938618,0.9984687795532471,0.9983130843414892,0.9975366131533568,0.0012949932931752932,0.0002126644921989513,0.9981245582956897,0.9982271819807277,0.9937104252048985,0.9982749094191758,0.044632107342931285,-0.3967046469543572,-0.35334917440703145,-0.6151127695650497,-0.0016132015013313051
PLET,,,,,,,,,,,,,,,,,,,,,,,,,,,,,,,,,,,,,,,,,,,,,,,,,
61,0.11721365880473059,0.06519716199578307,0.019046011061830515,-0.014040381915035467,-0.10389822467005569,0.04158607664658646,0.010491979121873857,0.11052358961339108,0.02500220839333451,0.005410307617869328,0.00842575195874102,0.021093480786158306,0.048911821397751166,-0.025734231824957005,0.05620923642328531,-0.011875473463991397,-0.07748731860986269,-0.019749795435339158,0.029640254321617494,-0.002953343955975065,0.00851752185889591,0.10628002116686311,0.00879431299117508,-0.005966631463652636,0.0020431710444931005,0.05716845314117247,,,0.0013326836796226074,0.05485608540763536,0.08771288102772302,0.9973945198444906,0.9976546599938618,,1.0,0.9978284327944428,0.99779891994271,0.9968162953900888,0.0013888212100547914,-0.003059341888563511,0.9976856123919768,0.9975334276176945,0.9935121724949677,0.9975248478132756,0.04478513251694878,-0.397372798137905,-0.3546337282864369,-0.6179611637674212,-0.0013781537052037988
62,0.1159660012978094,0.06352483506240185,0.019440400009929134,-0.012130135164344804,-0.10240843267017893,0.04160621317793922,0.011880157628477219,0.10998384629801429,0.025636206692233356,0.007088004978691071,0.0104785805348287,0.02247537601282019,0.04833246460250785,-0.025237252670773515,0.057364109298002945,-0.010069532729646854,-0.07393445947814184,-0.01791681052031053,0.031360278674352905,-0.0007728870714681751,0.011007951541285315,0.1069936571165647,0.010716443588783067,-0.004263887997870614,0.0042149528576456725,0.059911389753790394,,,0.0041003907558004055,0.05638231769423278,0.08441287455542133,0.9981757166286347,0.9984687795532471,,0.9978284327944428,1.0,0.9983982211126371,0.9978618198689437,0.003055557794649414,-0.0009355421566014743,0.998159619883523,0.9981135074602653,0.9936299329865944,0.9982136556307355,0.04432878447795275,-0.3964714809635505,-0.35414316605776114,-0.6145049283874754,-0.0013215635537767029
63,0.11614792195122779,0.06260252676255945,0.019204972306060022,-0.013144005577656017,-0.10371681598840654,0.04054360787540501,0.011184505767175624,0.11092257225043059,0.02491809921597847,0.00547746268720374,0.008839403275943698,0.0213027279947684,0.048077844818404374,-0.026268644968841168,0.057966814130918025,-0.009946740779910495,-0.07653976783684274,-0.019024927275596865,0.03164673056593076,-0.0013492766971832547,0.010247245750211246,0.10844610397655884,0.01048156999289011,-0.004753880609022151,0.003792026933213064,0.0580563898023827,,,0.0008660381297983414,0.05630502033596605,0.08442542445030542,0.9979321768925801,0.9983130843414892,,0.99779891994271,0.9983982211126371,1.0,0.9975075727484869,0.0021303843223554634,-0.0007820015094463983,0.9981783263756121,0.9980240109011576,0.9941312145373525,0.9980486233813372,0.045322893454823945,-0.3970692488345265,-0.3541634649075143,-0.61790342702164,-0.0018141897682895718
64,0.115330216065857,0.06414230110439048,0.01825409696012788,-0.013522181030184467,-0.10426357968143984,0.04157291686440149,0.01117173250177635,0.10969476948350909,0.025707821254812573,0.005954083238563347,0.00947613961038897,0.022314947938643467,0.04608536179303881,-0.02652911378517549,0.05551895924733871,-0.01175653899438252,-0.07512582431974159,-0.02000211499855184,0.02964260481676106,-0.002772823681608676,0.009109019110970057,0.10514074688267659,0.008924005580688035,-0.0047200451545654125,0.0019826621583693893,0.05776582057524137,,,0.004413311909564087,0.05716373969779747,0.0854258096763532,0.99742542070016,0.9975366131533568,,0.9968162953900888,0.9978618198689437,0.9975075727484869,1.0,0.0021811324760698378,-0.0021662691743905465,0.9970729723373569,0.9972031395727082,0.9923707865742546,0.9973176087225201,0.04507315191463331,-0.3942782051299268,-0.3527420306622858,-0.6099978429500303,-0.0010003988593528625
EEG T3,-0.04745702011043733,0.24448881550765086,0.30724756296616607,0.6369009442719092,0.5996830904580029,0.6565426320253842,0.7996823756037388,0.3638070067759892,0.7177909793343499,0.4627072979709191,0.7135762685439757,0.7917907678480915,-0.09055060646768362,0.3968349829765634,-0.2230233361971929,-0.018536076307147178,0.2967902251557592,0.47524546964516157,-0.18583012426678774,0.16303512663364697,0.3301525321040924,-0.1203027282563331,-0.037015580776858625,0.21031858458206626,0.1698415611185898,-8.940505855564673e-05,,,-0.2357742561396735,0.3002457748569033,-0.16435181057478532,0.0015678270149106686,0.0012949932931752932,,0.0013888212100547914,0.003055557794649414,0.0021303843223554634,0.0021811324760698378,1.0,0.23525964436325356,0.00042459427377888474,0.002116455492785406,0.0016717589667090914,0.0027980646823917506,0.29408059632128253,0.07291735567788549,0.08884719695777377,0.04894271493472539,0.0118186448064436
EEG CZ,-0.3409461970043465,-0.23226381673515528,0.23847399688828425,0.5785250719435361,0.5180574532853425,-0.0590410453485678,0.4147453016691489,0.2677570449134492,0.07138223477222841,0.6498056052024713,0.3799112158040019,0.15449509375225096,-0.21365764901277318,0.7559378103501933,0.09191455939108505,0.49664380459848395,0.6504107145678724,0.560320999927288,0.15704840456047017,0.3612197555410309,0.5091686141151109,0.3969806511896073,0.293993708071545,0.7575806544664025,0.5376248948054718,0.32889956895862615,,,0.030438501780733377,0.036801359665381415,-0.3022742817377818,-0.0025319825174058715,0.0002126644921989513,,-0.003059341888563511,-0.0009355421566014743,-0.0007820015094463983,-0.0021662691743905465,0.23525964436325356,1.0,-0.001669612305812115,-0.00028801459346316474,0.0011694970981931327,0.0007760517599089526,-0.010470110170710974,-0.0171743037343313,0.0022347481539455928,-0.014426749109979401,0.007818983858194743
3,0.11718763613704439,0.06247220553910349,0.017011280698828377,-0.015089241116461894,-0.10410892412704917,0.039216949668835,0.009583706365339116,0.10959109668667913,0.024078171361535,0.004382893715225632,0.007302508740456335,0.019681090292713675,0.05087216118319303,-0.026680124368882115,0.05886024460099761,-0.009664636469065957,-0.07574115935399543,-0.01993583950456893,0.03351115226661259,-0.001273311488816723,0.009493752406547512,0.10836653286674347,0.011759400250878944,-0.004905121234090714,0.003701534226510657,0.060200395705100454,,,0.0012538995073431657,0.055320757881377546,0.08635917179289138,0.9979149873372665,0.9981245582956897,,0.9976856123919768,0.998159619883523,0.9981783263756121,0.9970729723373569,0.00042459427377888474,-0.001669612305812115,1.0,0.9980143566259913,0.9938500711982267,0.9980801033926905,0.04465581315945673,-0.39908831191321265,-0.3559353481110935,-0.6198730737889577,-0.001967798474274689
23,0.11846379491164695,0.06378964842612193,0.01791373227752452,-0.013043319611177436,-0.10340240657026542,0.040534048198232364,0.011204610294930398,0.11148156509955119,0.025433301329472472,0.004960291620268577,0.008349504504800646,0.020616230032967378,0.049659640100420406,-0.02616449281410117,0.060351295614720864,-0.010226326604197764,-0.07620969617469141,-0.01823844832742626,0.0338266863979792,-0.00023531735069321378,0.01121337312544227,0.10913860899783825,0.01242482002359727,-0.004991181924032094,0.004625581239097377,0.058801684359554435,,,0.0010742710470011687,0.055708416167151054,0.08742699909798518,0.9978544886737492,0.9982271819807277,,0.9975334276176945,0.9981135074602653,0.9980240109011576,0.9972031395727082,0.002116455492785406,-0.00028801459346316474,0.9980143566259913,1.0,0.9935490687630926,0.9981070259962926,0.04486661794688163,-0.39624550504207806,-0.35446153008001285,-0.6161902122114822,-0.0010974389769304836
33,0.1171262144967085,0.06250284409954249,0.01881669443373926,-0.01247631724325931,-0.10175379309574455,0.038711721680488934,0.011086093267378047,0.11078198265919373,0.024198510971442225,0.0040880311897347685,0.008587962452502332,0.020367270134537506,0.043274926968873986,-0.02541464990166954,0.05831228502372009,-0.008827071807870417,-0.07543834748890195,-0.017482129755415025,0.03280159545241207,0.0004915328735087618,0.012584280455320392,0.10899696731779797,0.012133530695563265,-0.004051547885794246,0.006204769582440434,0.05971458784519174,,,-0.0010755522333390766,0.0532384318403809,0.08426424888494333,0.9931136644790813,0.9937104252048985,,0.9935121724949677,0.9936299329865944,0.9941312145373525,0.9923707865742546,0.0016717589667090914,0.0011694970981931327,0.9938500711982267,0.9935490687630926,1.0,0.9935464893168241,0.0433648368669635,-0.39808584815202924,-0.3543037524537733,-0.6222934317144069,-0.0011738487443635592
31,0.11567511464265975,0.06385875770543945,0.018792869779418433,-0.012201289820130997,-0.10271504879933206,0.041398737625234085,0.0124693205056803,0.1115504937039102,0.02583984508187909,0.005545722652938333,0.009624580035826256,0.02186751212354485,0.0478425069325217,-0.02497153573498357,0.06046606176243614,-0.009466375799089448,-0.07475357780563463,-0.017704972932074986,0.03402919511383435,9.161467615522797e-05,0.012044748567102196,0.1100277381922565,0.012076148393754744,-0.003317349792739566,0.005596305659275566,0.05996109316095034,,,0.0008162045988716903,0.055850684143245066,0.08550713577391622,0.9980224065478898,0.9982749094191758,,0.9975248478132756,0.9982136556307355,0.9980486233813372,0.9973176087225201,0.0027980646823917506,0.0007760517599089526,0.9980801033926905,0.9981070259962926,0.9935464893168241,1.0,0.044917708772029954,-0.3979143459031276,-0.3548667790480917,-0.6159489650733687,-0.0021274541059746275
A,-0.0025483603075827366,0.07252836700522042,0.16346140860949815,0.23868560388025178,0.2526781750731852,0.12680283952867125,0.4076822466310602,0.10507754149689823,0.15991088098623313,0.141121970759037,0.3043236725036083,0.2250391806228473,-0.02757763397440819,0.053526567373719365,-0.13023974608091232,-0.14758525657880622,-0.09173616078024868,0.05868690144460418,-0.16131127950243157,-0.24296687220337895,-0.22586767339621103,-0.12328373654730415,-0.1929254921875481,-0.07608544732033058,-0.19368118067825588,-0.2611745656317944,,,-0.818003886172273,0.9243461986009278,-0.03779750592216646,0.04486152952376513,0.044632107342931285,,0.04478513251694878,0.04432878447795275,0.045322893454823945,0.04507315191463331,0.29408059632128253,-0.010470110170710974,0.04465581315945673,0.04486661794688163,0.0433648368669635,0.044917708772029954,1.0,0.18877901706384032,0.18480214441262882,0.14564618273040167,-0.006439005112651417
