,EEG Fp1,EEG F3,EEG C3,EEG P3,EEG O1,EEG F7,EEG T5,EEG Fc1,EEG Fc5,EEG Cp1,EEG Cp5,EEG F9,EEG Fz,EEG Pz,EEG F4,EEG C4,EEG P4,EEG O2,EEG F8,EEG T4,EEG T6,EEG Fc2,EEG Fc6,EEG Cp2,EEG Cp6,EEG F10,SPO2,HR,1,2,EEG FP2,EEG P9,EEG P10,PLET,61,62,63,64,EEG T3,EEG CZ,3,23,33,31,A,B,C,D,MK
EEG Fp1,1.0,0.7016980558514939,0.13512819148598984,-0.05809301103239363,-0.14939239801176418,0.677483333961073,-0.06752053671022784,0.3659467604604823,0.40384957526046816,-0.06265737415945757,0.048401098742597216,0.18670128480989337,0.7213074081580642,-0.16962998003565322,0.17739020293823143,-0.12462538303546636,-0.20551131547419269,-0.1747975776932959,0.19340586967824455,-0.045054417945741394,-0.16646572712882782,0.08851476705570373,0.000708283765673834,-0.1882795905800303,-0.17539457873867145,-0.1481399091806554,,,-0.1717901759736955,-0.06410090780184176,0.7659335042025587,0.0675558785900335,0.06614976255245847,,0.06469086834591,0.06642899625724615,0.0633250143817548,0.0641549113206137,0.1713863921633044,-0.1226095951662463,0.06770068229767412,0.06740882858668583,0.06307958581500392,0.0686474466077234,-0.02548165913333131,0.023338017909424236,0.013848365548144047,0.020813375418694102,0.017185223495503575
EEG F3,0.7016980558514939,1.0,0.6239232179691548,0.37054437934190476,0.20870619101243168,0.7613621591128623,0.3265772299614689,0.8223661830693068,0.7558009677828473,0.387822264356206,0.4939787341783507,0.5048058738432802,0.44877501645432283,0.18863099709424772,-0.11910769641531516,-0.10636221949958259,-0.002230623769730313,0.14145452269526032,-0.06547638607127569,0.05764828878759127,0.10672961910521678,-0.1998343528393574,-0.06976503009020685,0.06470234750721905,-0.01032250114476727,-0.010710102275985125,,,-0.07764962712899683,0.007670915198161688,0.28933493889617423,-0.0025445929832770366,-0.0037124772205989753,,-0.004556815201108141,-0.001728769005840269,-0.005631243526526898,-0.003817177404877023,0.4862987811283933,0.2457758610110195,-0.002554291017475774,-0.0020559020833633163,-0.005257844120906763,-0.0006859524135312755,-0.06685169719849705,0.00899317378606152,0.013808899808244129,0.049133493616247345,0.02445415336095667
EEG C3,0.13512819148598984,0.6239232179691548,1.0,0.845122997531053,0.6989879348429568,0.5255637104278227,0.7660948089529273,0.8741128272872337,0.7634905395469591,0.872587630478556,0.8818226820044529,0.6787090802808385,-0.17418740777846936,0.6957046105165041,-0.3630023904059238,0.12045006144408754,0.42508692086858707,0.6277625168441453,-0.11890664729679604,0.33398419365130483,0.5448509018723343,-0.4280122961527579,0.06593834725234489,0.5081681299033998,0.363977391120699,0.3252972582657876,,,0.11375491251749564,0.1239050883918502,-0.23108529150940815,-0.06536838516163841,-0.06532157596957666,,-0.06213253206044817,-0.061556115229341915,-0.06401435835291099,-0.06271497421077916,0.6884225494183871,0.6787512585811446,-0.06604080205926234,-0.06536516689977366,-0.06557164444468605,-0.064385378547916,-0.08926675526587237,-0.023574137442960212,-0.00615546261030916,0.030166503524594664,-0.001148268900630156
EEG P3,-0.05809301103239363,0.37054437934190476,0.845122997531053,1.0,0.9078502697929257,0.4231124125539109,0.9026118396103888,0.7142418900980683,0.6906610961763968,0.9588929976747917,0.9197407866181404,0.683379461222103,-0.3287463256530232,0.8844379958619804,-0.3105957551312831,0.30551500219716343,0.6614723744330512,0.8474807732026897,-0.016720551409993324,0.49825601726012236,0.7502926853345214,-0.3623184041883284,0.21998827199856544,0.7105768692323848,0.5549830194773842,0.47359786963664374,,,0.1773558121101107,0.1735162901605556,-0.3166863171412095,-0.028105270249763656,-0.02797287618327692,,-0.024622795591551352,-0.023852281144910694,-0.026355550144086744,-0.024960275186480578,0.7804678341808721,0.8110499362195152,-0.028899938096327245,-0.027881055023854854,-0.02864481977989476,-0.02742132323322551,-0.09785756715753323,-0.062399553940061116,-0.04572634944610862,-0.024125087311805044,-0.02180928824181772
EEG O1,-0.14939239801176418,0.20870619101243168,0.6989879348429568,0.9078502697929257,1.0,0.2923177866014036,0.8969913327374639,0.5678991056839475,0.5486677712998933,0.8928315887990308,0.8201019330267141,0.6243109183296661,-0.33090707910420575,0.9279406114660513,-0.14608972938620698,0.48575126474049135,0.8168001890073042,0.9716496781552969,0.11545747875640432,0.603147207143026,0.886085047692889,-0.19455005595794345,0.36633300713511613,0.8097805495950329,0.7020854568416136,0.5750092704293112,,,0.21942653023838923,0.22383095691502025,-0.27955518065576446,-0.027236672632139844,-0.027751939714725726,,-0.02397848138730018,-0.023033745377694904,-0.025884123876401217,-0.024780130145153557,0.717845460457939,0.8110241882995057,-0.02849595720151642,-0.02673115384512722,-0.026486047414940463,-0.02680424267408451,-0.10141937349010602,-0.08644991242700967,-0.06784695568287916,-0.03468317806977847,-0.03178492835573015
EEG F7,0.677483333961073,0.7613621591128623,0.5255637104278227,0.4231124125539109,0.2923177866014036,1.0,0.4263993333796257,0.6367191118590875,0.8073629854321689,0.40853712956495825,0.5490754706605709,0.7212867262339536,0.29931016136029287,0.25912512751835287,-0.20738726551934766,-0.088832806708098,0.07104851527160966,0.2266843273693225,-0.07752346551336092,0.13594904765324,0.18314789715504842,-0.26741182102805455,-0.035143600316998036,0.12615044111146273,0.052755288536947054,0.06516809526565281,,,-0.04230322925236045,0.009536844671547097,0.24470916678446408,0.004891882222176391,0.0036893611076416707,,0.004542923983202758,0.006398452043257589,0.0026705819222066314,0.004827640712538648,0.6901130621584355,0.2594687123314864,0.004252757338902462,0.0046156475307121995,0.00291225997883956,0.006217878797823538,-0.05939446062633657,0.019513237974791032,0.04383425529853139,0.054177904011196286,0.0275227022120021
EEG T5,-0.06752053671022784,0.3265772299614689,0.7660948089529273,0.9026118396103888,0.8969913327374639,0.4263993333796257,1.0,0.6221917803464301,0.68113902735934,0.8724213816217617,0.9038225212046098,0.7199708355690021,-0.3187672730304188,0.8280914825880735,-0.29557454112528386,0.2895480014019424,0.6331425879805304,0.8391682308182166,0.01353384444285367,0.5258255826450351,0.7750414989439751,-0.36001596884983117,0.23490932307592258,0.6477786932236228,0.5758835019524409,0.505001153494004,,,0.2518456970248982,0.24186559062267757,-0.3014566278970204,-0.040434430430424564,-0.04037116501131485,,-0.03811793437437404,-0.037302706410425844,-0.03868457111420847,-0.03771091485986403,0.829118070137031,0.7128111497905274,-0.041456184588313,-0.0402452605150956,-0.04108069705201398,-0.039980081627339015,-0.07384429314377505,-0.06062435727006637,-0.04456264105550501,-0.0104024433513228,-0.01683504488845587
EEG Fc1,0.3659467604604823,0.8223661830693068,0.8741128272872337,0.7142418900980683,0.5678991056839475,0.6367191118590875,0.6221917803464301,1.0,0.7980421644835449,0.7613283961791529,0.7669795265767972,0.6267103201260389,0.11166067787159237,0.5664481796637787,-0.24087986534218822,0.09362474824679971,0.3151495369966377,0.489825421949913,-0.09682181808214103,0.24879825771968672,0.41521655207521907,-0.28315558200103724,0.03585262418009866,0.41862276629309025,0.24435012452391952,0.1987252736729443,,,-0.006489281257370383,0.06762498793695727,-0.030581867357414298,-0.056206904474849474,-0.057236354502470964,,-0.056518785220293306,-0.05405811023291852,-0.058320474220143574,-0.05608403355023655,0.6529011697933936,0.6476165395238985,-0.056215804841340415,-0.05538696755187237,-0.05675879930133442,-0.05426890142615856,-0.1461692483700397,-0.027949230381470097,-0.019761664357062343,0.0324350173283357,0.007751201384349153
EEG Fc5,0.40384957526046816,0.7558009677828473,0.7634905395469591,0.6906610961763968,0.5486677712998933,0.8073629854321689,0.68113902735934,0.7980421644835449,1.0,0.6913638159394675,0.8051531310792394,0.7976013468762201,0.048091617112368326,0.5255320086513846,-0.3331660489302754,0.009015098847536235,0.274771710572554,0.47270409857228546,-0.08959591456851565,0.2911899339190569,0.41426137963446275,-0.39984101914899955,0.03956034695140117,0.3417696849684999,0.24247225008898934,0.2571673978391019,,,0.051220483949002776,0.07681329820156572,-0.02794650974007044,-0.03915637073665167,-0.03966463133004713,,-0.03958912661632956,-0.037944047065843325,-0.040193820756706196,-0.038259352885379135,0.820730631318747,0.5108667002604308,-0.03961718178883143,-0.03894819779332344,-0.040727621766477796,-0.03766399405814902,-0.07533614883242026,0.0022014002703425483,0.020929749941559047,0.05061471323529044,0.01612429279663531
EEG Cp1,-0.06265737415945757,0.387822264356206,0.872587630478556,0.9588929976747917,0.8928315887990308,0.40853712956495825,0.8724213816217617,0.7613283961791529,0.6913638159394675,1.0,0.9152283704270869,0.6774297623887572,-0.3174505330554882,0.9143850880194812,-0.3066078312826649,0.338691908415341,0.6837411057023074,0.8397957180357697,-0.007841010495701383,0.5050033233880181,0.7482336983382585,-0.3423454291215917,0.22860837224984398,0.7593288029692546,0.5691750665121911,0.4813456298821219,,,0.14699069481061613,0.14838606340117452,-0.3188091414130325,-0.09798343203270077,-0.09862147473179174,,-0.09691492054628156,-0.0954114820429377,-0.09756974899671489,-0.09585308469110553,0.7596607697722214,0.8888760845118836,-0.09913148435380373,-0.09804500475470929,-0.09892447730492833,-0.09737212466409063,-0.1256714988649468,-0.034007452156819336,-0.020914253733392806,0.026569611723925298,-0.03331496456029762
EEG Cp5,0.048401098742597216,0.4939787341783507,0.8818226820044529,0.9197407866181404,0.8201019330267141,0.5490754706605709,0.9038225212046098,0.7669795265767972,0.8051531310792394,0.9152283704270869,1.0,0.7733566675376475,-0.2514757927523769,0.7940602944480036,-0.37372246266815,0.19108483415959399,0.5393038337882221,0.7516470996791055,-0.057343903154953996,0.4507047019736488,0.6743803466086609,-0.4333500810877408,0.1521359519792695,0.5953025566625935,0.4725361944312097,0.43888994526221,,,0.17595627753383358,0.16585407999101429,-0.28084964217525193,-0.05834027672772069,-0.05808035892207426,,-0.059574978660131166,-0.05724703785260712,-0.057699975809468555,-0.05620351266135837,0.8260570876127996,0.7353191691622856,-0.05857586493569339,-0.05777720019249779,-0.05927724624836399,-0.056974203740556055,-0.08625028362644604,-0.03843991349979336,-0.01838675627788192,0.01598788286880113,-0.00509849291804954
EEG F9,0.18670128480989337,0.5048058738432802,0.6787090802808385,0.683379461222103,0.6243109183296661,0.7212867262339536,0.7199708355690021,0.6267103201260389,0.7976013468762201,0.6774297623887572,0.7733566675376475,1.0,-0.09663079467375324,0.5938241246146053,-0.26567278899277996,0.15492440787668146,0.40856513125028554,0.5740952839297335,-0.015938007216490645,0.4221312190233578,0.536993246947469,-0.3220475511042075,0.17162966627304216,0.44541974603778306,0.3873041667833931,0.47889532404102436,,,0.13080889541384919,0.07615211540989257,-0.13493859290610563,-0.04354564736664762,-0.0442183949091976,,-0.04287083295363022,-0.041919483803693224,-0.04370211939606371,-0.041934562510135616,0.8752962115796444,0.5330962527391332,-0.04406305911279954,-0.04344427253838974,-0.04195979483685938,-0.042288532202186556,-0.07523112249350353,0.020162916170300728,0.058237440458507574,0.06331680798874947,0.02965624727138254
EEG Fz,0.7213074081580642,0.44877501645432283,-0.17418740777846936,-0.3287463256530232,-0.33090707910420575,0.29931016136029287,-0.3187672730304188,0.11166067787159237,0.048091617112368326,-0.3174505330554882,-0.2514757927523769,-0.09663079467375324,1.0,-0.3232693800431634,0.5810152159060263,0.06963866913940635,-0.2018173824407004,-0.3071084769423461,0.37661111959298355,-0.061488555552693364,-0.25686159336746234,0.5902188500273181,0.1658300790823209,-0.20479021414063103,-0.16577623401238228,-0.11722180248691057,,,-0.17822327186785342,-0.08255170716424488,0.7933937937122066,0.059474293966267626,0.05760583634964039,,0.053090112393397206,0.055501691247967916,0.05315925604744585,0.052365851035429976,-0.14630877146370375,-0.1748660044658363,0.06058456567869543,0.06119317295774292,0.05325008540621319,0.06066562539695708,-0.08055049516801419,-0.012001186113227565,-0.034778000242944265,-0.009050718372884738,0.025738905144077034
EEG Pz,-0.16962998003565322,0.18863099709424772,0.6957046105165041,0.8844379958619804,0.9279406114660513,0.25912512751835287,0.8280914825880735,0.5664481796637787,0.5255320086513846,0.9143850880194812,0.7940602944480036,0.5938241246146053,-0.3232693800431634,1.0,-0.15132623670582457,0.5228454134158546,0.8562899087212571,0.9196957616157917,0.11117257388829793,0.5857763358284004,0.839694928296802,-0.16342372911552844,0.36631090820804413,0.8717511507196208,0.7125876865899861,0.5512054134118894,,,0.19918308246791802,0.1604529592235867,-0.2885646033423815,-0.04333408163313785,-0.04386163106557073,,-0.041274666402384176,-0.04053006660526227,-0.04224894459128469,-0.04102186389393604,0.6740306412483417,0.8839063702034705,-0.044396732157334355,-0.043153154941169745,-0.04697363499807484,-0.04264399387371803,-0.08722456259366086,-0.05883029194310133,-0.04265129928342329,-0.01748985870494346,-0.03899332329798732
EEG F4,0.17739020293823143,-0.11910769641531516,-0.3630023904059238,-0.3105957551312831,-0.14608972938620698,-0.20738726551934766,-0.29557454112528386,-0.24087986534218822,-0.3331660489302754,-0.3066078312826649,-0.37372246266815,-0.26567278899277996,0.5810152159060263,-0.15132623670582457,1.0,0.6350376750446106,0.21181513146062905,-0.06740972505634481,0.7139024633046216,0.2769678976450604,0.05222209372895347,0.9197772360747271,0.6489342448708393,0.13925067171575733,0.28063556696985975,0.2913025311593866,,,-0.0858948897726215,-0.03757007855811525,0.5950598394011193,0.06825915748995035,0.06610538228916714,,0.06554655607646825,0.06723260596551418,0.06439949774188135,0.0631124035495222,-0.32268848272499856,-0.04339700295046736,0.06810450919938142,0.06952059660215024,0.06569315799244123,0.06868512521830626,-0.11929004069991489,-0.06867173389965171,-0.08634006032830634,-0.06736257724290687,0.015486271730775346
EEG C4,-0.12462538303546636,-0.10636221949958259,0.12045006144408754,0.30551500219716343,0.48575126474049135,-0.088832806708098,0.2895480014019424,0.09362474824679971,0.009015098847536235,0.338691908415341,0.19108483415959399,0.15492440787668146,0.06963866913940635,0.5228454134158546,0.6350376750446106,1.0,0.813202599053088,0.5576960468704857,0.5945387219986552,0.6362130057780994,0.6453847176291493,0.6048920252924659,0.8020286945594772,0.7464217778328704,0.8264584090209434,0.6133183606276121,,,0.08861224378640421,0.06500958486850322,0.14214035525095114,0.010454327175952937,0.008332803444594283,,0.008782038973606117,0.010809216196539847,0.007888011689417164,0.007730583679091384,0.14753558609297424,0.5682891477447852,0.009312221822856194,0.011394500792602184,0.007564003847332709,0.010930405300303855,-0.14336461011176416,-0.07718143234589682,-0.0690372083437725,-0.05174621762000104,-0.015533902931529817
EEG P4,-0.20551131547419269,-0.002230623769730313,0.42508692086858707,0.6614723744330512,0.8168001890073042,0.07104851527160966,0.6331425879805304,0.3151495369966377,0.274771710572554,0.6837411057023074,0.5393038337882221,0.40856513125028554,-0.2018173824407004,0.8562899087212571,0.21181513146062905,0.813202599053088,1.0,0.8695901912044101,0.3614410670910043,0.6851776807773668,0.8738507963235947,0.19794800027686826,0.6237133944543557,0.9209533470939474,0.8886387950442708,0.6325885113252369,,,0.18484044279203202,0.1414526005828018,-0.11965516345522062,0.004226613974675628,0.002645132031481875,,0.004463707974753818,0.0060710781994428534,0.0036952115825033085,0.004563912982506104,0.45594009597105756,0.7731873320828543,0.0028284023944398565,0.004622715579923767,0.002082980838683791,0.004320314244432991,-0.09092564070822466,-0.07631522049508598,-0.05860029891962073,-0.046140096786432855,-0.027132307943976176
EEG O2,-0.1747975776932959,0.14145452269526032,0.6277625168441453,0.8474807732026897,0.9716496781552969,0.2266843273693225,0.8391682308182166,0.489825421949913,0.47270409857228546,0.8397957180357697,0.7516470996791055,0.5740952839297335,-0.3071084769423461,0.9196957616157917,-0.06740972505634481,0.5576960468704857,0.8695901912044101,1.0,0.18241528746904156,0.6362836936189594,0.913145939068018,-0.10988220111559902,0.43237606339037754,0.8450814058217152,0.7572158370883171,0.6074997223089819,,,0.23586286151535352,0.20867178278300655,-0.24185364357174485,0.0014977867033170778,0.0011022469133070948,,0.0010872326212202777,0.003097880663280625,0.0023809740102774157,0.003452929527024133,0.6550920148896533,0.7933796976986459,0.0009234586338122352,0.0022959245135667355,0.001588801114084051,0.001968937030271019,-0.07225549293153175,-0.07901625123029529,-0.06350913812166031,-0.04703418044217262,-0.0383024989419166
EEG F8,0.19340586967824455,-0.06547638607127569,-0.11890664729679604,-0.016720551409993324,0.11545747875640432,-0.07752346551336092,0.01353384444285367,-0.09682181808214103,-0.08959591456851565,-0.007841010495701383,-0.057343903154953996,-0.015938007216490645,0.37661111959298355,0.11117257388829793,0.7139024633046216,0.5945387219986552,0.3614410670910043,0.18241528746904156,1.0,0.6427244519064591,0.3257869307216807,0.5658122195683344,0.821698997825392,0.28649791464651414,0.479886004125775,0.6775015032148664,,,-0.001519075383968225,0.002304673743703169,0.602198261016327,0.03730333524390961,0.03579515898650592,,0.031118472375555553,0.033804719120974776,0.033973400303214676,0.032756281982144114,-0.014028385297602567,0.12871949006551056,0.03643247167008364,0.03764132692204812,0.031540741032189706,0.03691485116594206,-0.08120330194852979,-0.034505538532835896,-0.04914218379286243,-0.03156434254475645,0.00042476442624338656
EEG T4,-0.045054417945741394,0.05764828878759127,0.33398419365130483,0.49825601726012236,0.603147207143026,0.13594904765324,0.5258255826450351,0.24879825771968672,0.2911899339190569,0.5050033233880181,0.4507047019736488,0.4221312190233578,-0.061488555552693364,0.5857763358284004,0.2769678976450604,0.6362130057780994,0.6851776807773668,0.6362836936189594,0.6427244519064591,1.0,0.7836821429688521,0.15165865935522777,0.8094989359933409,0.6271487922803859,0.7870635911898707,0.8531754988168316,,,0.1271520117213659,0.08965396749350793,0.07849619589669105,-0.03154787387504607,-0.033190767435956656,,-0.03432837527459096,-0.03195575183735553,-0.03294212197995806,-0.03309262313826787,0.44972257994129994,0.5375867471388299,-0.033558435101302,-0.03181002435536236,-0.034480609800891786,-0.0317566277086229,-0.07789406618793171,-0.019696865164060603,-0.006199048099941571,0.00863184213980678,-0.017584191561331307
EEG T6,-0.16646572712882782,0.10672961910521678,0.5448509018723343,0.7502926853345214,0.886085047692889,0.18314789715504842,0.7750414989439751,0.41521655207521907,0.41426137963446275,0.7482336983382585,0.6743803466086609,0.536993246947469,-0.25686159336746234,0.839694928296802,0.05222209372895347,0.6453847176291493,0.8738507963235947,0.913145939068018,0.3257869307216807,0.7836821429688521,1.0,-0.018083792610913932,0.5864475120593798,0.8048979371701931,0.8701535378630996,0.7171909840455923,,,0.22734383644404665,0.18327629869685297,-0.17671345283427184,-0.049512323694102335,-0.050909802243568336,,-0.05068745402929562,-0.048564685139790016,-0.05012458394102822,-0.04945723363005063,0.5982069786804202,0.7245950328574621,-0.051151741751606174,-0.0491628057046601,-0.05260525917653075,-0.049139255286600424,-0.08042264589127883,-0.053241045874547595,-0.03383851453419901,-0.004192406975059773,-0.025133291234328586
EEG Fc2,0.08851476705570373,-0.1998343528393574,-0.4280122961527579,-0.3623184041883284,-0.19455005595794345,-0.26741182102805455,-0.36001596884983117,-0.28315558200103724,-0.39984101914899955,-0.3423454291215917,-0.4333500810877408,-0.3220475511042075,0.5902188500273181,-0.16342372911552844,0.9197772360747271,0.6048920252924659,0.19794800027686826,-0.10988220111559902,0.5658122195683344,0.15165865935522777,-0.018083792610913932,1.0,0.5333952056043446,0.14756717480286746,0.20107515654360594,0.14243857670495366,,,-0.08456572260150748,-0.05178794319375769,0.5018942900415337,0.03353975684793574,0.03094214877459022,,0.02915680053647034,0.03205042158559833,0.02874478527063842,0.0275582414345218,-0.37690690385199893,-0.001458267476540573,0.03343899331029683,0.03519710817093878,0.02940221013462441,0.03397813504213424,-0.14095985161186517,-0.056729652254923275,-0.07530028799120207,-0.0475236954520272,0.01126417684709232
EEG Fc6,0.000708283765673834,-0.06976503009020685,0.06593834725234489,0.21998827199856544,0.36633300713511613,-0.035143600316998036,0.23490932307592258,0.03585262418009866,0.03956034695140117,0.22860837224984398,0.1521359519792695,0.17162966627304216,0.1658300790823209,0.36631090820804413,0.6489342448708393,0.8020286945594772,0.6237133944543557,0.43237606339037754,0.821698997825392,0.8094989359933409,0.5864475120593798,0.5333952056043446,1.0,0.5456955232793855,0.7449329823212635,0.7599619075519545,,,0.0686147066875016,0.03934978329206215,0.3085633141580671,0.0077603110339526495,0.006001777987128899,,0.0046791224198341735,0.0067734110844501205,0.005498004123282153,0.0045154161405626505,0.16063233014186798,0.3851405177451206,0.006374417996173696,0.008182888367043523,0.0037595153198481143,0.007672476381196597,-0.10079020259208842,-0.036384154605171116,-0.030053976719952972,-0.02117485439173153,-0.0029160973729124473
EEG Cp2,-0.1882795905800303,0.06470234750721905,0.5081681299033998,0.7105768692323848,0.8097805495950329,0.12615044111146273,0.6477786932236228,0.41862276629309025,0.3417696849684999,0.7593288029692546,0.5953025566625935,0.44541974603778306,-0.20479021414063103,0.8717511507196208,0.13925067171575733,0.7464217778328704,0.9209533470939474,0.8450814058217152,0.28649791464651414,0.6271487922803859,0.8048979371701931,0.14756717480286746,0.5456955232793855,1.0,0.7954236254178186,0.5841794658209074,,,0.17470330891612623,0.12179765218114183,-0.16192958259491774,0.022798388769037427,0.021555536934919472,,0.01816454427122142,0.022536837483145257,0.021758801613545056,0.02264270078904858,0.5032362337571562,0.8640319645043639,0.022011561412577374,0.023058643053383576,0.022436613360546875,0.023262310432671934,-0.10922033064302651,-0.08692335751747321,-0.06670761138052499,-0.0651669474842358,-0.036655451122571334
EEG Cp6,-0.17539457873867145,-0.01032250114476727,0.363977391120699,0.5549830194773842,0.7020854568416136,0.052755288536947054,0.5758835019524409,0.24435012452391952,0.24247225008898934,0.5691750665121911,0.4725361944312097,0.3873041667833931,-0.16577623401238228,0.7125876865899861,0.28063556696985975,0.8264584090209434,0.8886387950442708,0.7572158370883171,0.479886004125775,0.7870635911898707,0.8701535378630996,0.20107515654360594,0.7449329823212635,0.7954236254178186,1.0,0.7311320683773118,,,0.1829027403281192,0.11889949885332927,-0.06372178957643385,0.010000428164637703,0.008603364736346786,,0.0084625092204814,0.01058543623536429,0.009744115772608334,0.010039206267007678,0.4111972905295441,0.6362893612453299,0.008158098800830965,0.009828479177235012,0.007265353561963549,0.00955681339447703,-0.04570393005393339,-0.05228963973736714,-0.03335117033891352,-0.03453569459408527,-0.010081409908017772
EEG F10,-0.1481399091806554,-0.010710102275985125,0.3252972582657876,0.47359786963664374,0.5750092704293112,0.06516809526565281,0.505001153494004,0.1987252736729443,0.2571673978391019,0.4813456298821219,0.43888994526221,0.47889532404102436,-0.11722180248691057,0.5512054134118894,0.2913025311593866,0.6133183606276121,0.6325885113252369,0.6074997223089819,0.6775015032148664,0.8531754988168316,0.7171909840455923,0.14243857670495366,0.7599619075519545,0.5841794658209074,0.7311320683773118,1.0,,,0.14882802151359906,0.05118270131023278,0.03209774186994898,-0.031396285163457584,-0.032841193363751554,,-0.03443890563291534,-0.03269434922472272,-0.03235892234684729,-0.03263589953427756,0.43415282638152874,0.4944579938431366,-0.033321536279745635,-0.03151213109208324,-0.033239248369876004,-0.031753431436581346,-0.09485033529135521,-0.020526745920834828,-0.008436258467455635,0.0062740530200138195,-0.005357620600463067
SPO2,,,,,,,,,,,,,,,,,,,,,,,,,,,,,,,,,,,,,,,,,,,,,,,,,
HR,,,,,,,,,,,,,,,,,,,,,,,,,,,,,,,,,,,,,,,,,,,,,,,,,
1,-0.1717901759736955,-0.07764962712899683,0.11375491251749564,0.1773558121101107,0.21942653023838923,-0.04230322925236045,0.2518456970248982,-0.006489281257370383,0.051220483949002776,0.14699069481061613,0.17595627753383358,0.13080889541384919,-0.17822327186785342,0.19918308246791802,-0.0858948897726215,0.08861224378640421,0.18484044279203202,0.23586286151535352,-0.001519075383968225,0.1271520117213659,0.22734383644404665,-0.08456572260150748,0.0686147066875016,0.17470330891612623,0.1829027403281192,0.14882802151359906,,,1.0,0.09424855237909456,-0.1556578804041,0.0804528134567991,0.08190109993218496,,0.07715767513907133,0.07903753879879322,0.08312452206312124,0.08116459584397011,0.14372359579554708,0.10884773629851088,0.08129267958632659,0.08140944165667738,0.07946713729966669,0.08014671582008968,0.10084687557207184,0.05827117228090703,0.08625803853682083,-0.008685927440273057,-0.029449757523984037
2,-0.06410090780184176,0.007670915198161688,0.1239050883918502,0.1735162901605556,0.22383095691502025,0.009536844671547097,0.24186559062267757,0.06762498793695727,0.07681329820156572,0.14838606340117452,0.16585407999101429,0.07615211540989257,-0.08255170716424488,0.1604529592235867,-0.03757007855811525,0.06500958486850322,0.1414526005828018,0.20867178278300655,0.002304673743703169,0.08965396749350793,0.18327629869685297,-0.05178794319375769,0.03934978329206215,0.12179765218114183,0.11889949885332927,0.05118270131023278,,,0.09424855237909456,1.0,-0.0761150380092669,0.002466484213939663,0.0023349737872896026,,0.003527340230341756,0.0035114005380689713,0.003878351036666252,0.004037593309811738,0.12953262786272043,0.10860412896121585,0.002388831151963871,0.0026726447641287417,0.0018352212886124793,0.0026474421041887083,-0.05450009736047264,-0.35227848512578125,-0.39464532107527006,-0.2533800009294283,0.007058859238845742
EEG FP2,0.7659335042025587,0.28933493889617423,-0.23108529150940815,-0.3166863171412095,-0.27955518065576446,0.24470916678446408,-0.3014566278970204,-0.030581867357414298,-0.02794650974007044,-0.3188091414130325,-0.28084964217525193,-0.13493859290610563,0.7933937937122066,-0.2885646033423815,0.5950598394011193,0.14214035525095114,-0.11965516345522062,-0.24185364357174485,0.602198261016327,0.07849619589669105,-0.17671345283427184,0.5018942900415337,0.3085633141580671,-0.16192958259491774,-0.06372178957643385,0.03209774186994898,,,-0.1556578804041,-0.0761150380092669,1.0,0.0951326949769339,0.09307692040232673,,0.08906701126352078,0.09151136914491242,0.08977036738858099,0.08938415285115126,-0.15777613723120748,-0.23437861726742498,0.09517514527108284,0.09514286488200897,0.08787245775870883,0.09531133886213039,-0.030385984963999194,0.0017350361242345754,-0.02251411395341805,-0.015593791276073181,0.02124664631525592
EEG P9,0.0675558785900335,-0.0025445929832770366,-0.06536838516163841,-0.028105270249763656,-0.027236672632139844,0.004891882222176391,-0.040434430430424564,-0.056206904474849474,-0.03915637073665167,-0.09798343203270077,-0.05834027672772069,-0.04354564736664762,0.059474293966267626,-0.04333408163313785,0.06825915748995035,0.010454327175952937,0.004226613974675628,0.0014977867033170778,0.03730333524390961,-0.03154787387504607,-0.049512323694102335,0.03353975684793574,0.0077603110339526495,0.022798388769037427,0.010000428164637703,-0.031396285163457584,,,0.0804528134567991,0.002466484213939663,0.0951326949769339,1.0,0.997433314309251,,0.9940369507413597,0.9979163122176193,0.9962706918261574,0.9962739119937725,-0.027998068298673254,-0.10154035221610219,0.9972358101287851,0.9993891276119323,0.9873099392661652,0.9994531453261549,0.3542831065691221,-0.3512379819333741,-0.29747170631949316,-0.635859939667992,0.006004847192663213
EEG P10,0.06614976255245847,-0.0037124772205989753,-0.06532157596957666,-0.02797287618327692,-0.027751939714725726,0.0036893611076416707,-0.04037116501131485,-0.057236354502470964,-0.03966463133004713,-0.09862147473179174,-0.05808035892207426,-0.0442183949091976,0.05760583634964039,-0.04386163106557073,0.06610538228916714,0.008332803444594283,0.002645132031481875,0.0011022469133070948,0.03579515898650592,-0.033190767435956656,-0.050909802243568336,0.03094214877459022,0.006001777987128899,0.021555536934919472,0.008603364736346786,-0.032841193363751554,,,0.08190109993218496,0.0023349737872896026,0.09307692040232673,0.997433314309251,1.0,,0.9964782647505894,0.9960356858460249,0.9988749335756332,0.9985400016394264,-0.0280279106846047,-0.1031741294075085,0.9994281108745485,0.9973396661280916,0.9903169084730312,0.9974036191577872,0.35776068689454144,-0.3585999718296935,-0.30402723127159453,-0.6472756328410486,0.005794123686926966
PLET,,,,,,,,,,,,,,,,,,,,,,,,,,,,,,,,,,,,,,,,,,,,,,,,,
61,0.06469086834591,-0.004556815201108141,-0.06213253206044817,-0.024622795591551352,-0.02397848138730018,0.004542923983202758,-0.03811793437437404,-0.056518785220293306,-0.03958912661632956,-0.09691492054628156,-0.059574978660131166,-0.04287083295363022,0.053090112393397206,-0.041274666402384176,0.06554655607646825,0.008782038973606117,0.004463707974753818,0.0010872326212202777,0.031118472375555553,-0.03432837527459096,-0.05068745402929562,0.02915680053647034,0.0046791224198341735,0.01816454427122142,0.0084625092204814,-0.03443890563291534,,,0.07715767513907133,0.003527340230341756,0.08906701126352078,0.9940369507413597,0.9964782647505894,,1.0,0.9970244589389629,0.9982357029166694,0.9977902299343595,-0.027317226561753314,-0.10634263381150984,0.9948090189703226,0.9928308280856718,0.9882912443925721,0.9930538129244083,0.3590882906456573,-0.3561815821597573,-0.30041376568487954,-0.6454476168233579,0.004945027179402077
62,0.06642899625724615,-0.001728769005840269,-0.061556115229341915,-0.023852281144910694,-0.023033745377694904,0.006398452043257589,-0.037302706410425844,-0.05405811023291852,-0.037944047065843325,-0.0954114820429377,-0.05724703785260712,-0.041919483803693224,0.055501691247967916,-0.04053006660526227,0.06723260596551418,0.010809216196539847,0.0060710781994428534,0.003097880663280625,0.033804719120974776,-0.03195575183735553,-0.048564685139790016,0.03205042158559833,0.0067734110844501205,0.022536837483145257,0.01058543623536429,-0.03269434922472272,,,0.07903753879879322,0.0035114005380689713,0.09151136914491242,0.9979163122176193,0.9960356858460249,,0.9970244589389629,1.0,0.9972586674730185,0.997203678076355,-0.0259752490395343,-0.10255031891118843,0.9945432640416897,0.9966976517026529,0.9870391003032859,0.9969777321942231,0.357677395519715,-0.35155743199884004,-0.2962084165334271,-0.6369886790596209,0.005787859109585941
63,0.0633250143817548,-0.005631243526526898,-0.06401435835291099,-0.026355550144086744,-0.025884123876401217,0.0026705819222066314,-0.03868457111420847,-0.058320474220143574,-0.040193820756706196,-0.09756974899671489,-0.057699975809468555,-0.04370211939606371,0.05315925604744585,-0.04224894459128469,0.06439949774188135,0.007888011689417164,0.0036952115825033085,0.0023809740102774157,0.033973400303214676,-0.03294212197995806,-0.05012458394102822,0.02874478527063842,0.005498004123282153,0.021758801613545056,0.009744115772608334,-0.03235892234684729,,,0.08312452206312124,0.003878351036666252,0.08977036738858099,0.9962706918261574,0.9988749335756332,,0.9982357029166694,0.9972586674730185,1.0,0.9993909683671598,-0.027423624285548585,-0.10456551821817898,0.9975021673316801,0.9954910614860057,0.9903137905117088,0.9957279139153534,0.36197723811376564,-0.35833068732746315,-0.3029354799418048,-0.6491894629385374,0.005411701811677616
64,0.0641549113206137,-0.003817177404877023,-0.06271497421077916,-0.024960275186480578,-0.024780130145153557,0.004827640712538648,-0.03771091485986403,-0.05608403355023655,-0.038259352885379135,-0.09585308469110553,-0.05620351266135837,-0.041934562510135616,0.052365851035429976,-0.04102186389393604,0.0631124035495222,0.007730583679091384,0.004563912982506104,0.003452929527024133,0.032756281982144114,-0.03309262313826787,-0.04945723363005063,0.0275582414345218,0.0045154161405626505,0.02264270078904858,0.010039206267007678,-0.03263589953427756,,,0.08116459584397011,0.004037593309811738,0.08938415285115126,0.9962739119937725,0.9985400016394264,,0.9977902299343595,0.997203678076355,0.9993909683671598,1.0,-0.025560070015488604,-0.10299304134015821,0.9971594969092178,0.995272498874389,0.9887010658343689,0.9955200194254992,0.36320768897694794,-0.35441586764124056,-0.29953127536973045,-0.642654642419412,0.00531008496157531
EEG T3,0.1713863921633044,0.4862987811283933,0.6884225494183871,0.7804678341808721,0.717845460457939,0.6901130621584355,0.829118070137031,0.6529011697933936,0.820730631318747,0.7596607697722214,0.8260570876127996,0.8752962115796444,-0.14630877146370375,0.6740306412483417,-0.32268848272499856,0.14753558609297424,0.45594009597105756,0.6550920148896533,-0.014028385297602567,0.44972257994129994,0.5982069786804202,-0.37690690385199893,0.16063233014186798,0.5032362337571562,0.4111972905295441,0.43415282638152874,,,0.14372359579554708,0.12953262786272043,-0.15777613723120748,-0.027998068298673254,-0.0280279106846047,,-0.027317226561753314,-0.0259752490395343,-0.027423624285548585,-0.025560070015488604,1.0,0.6098673182979677,-0.028740398391849362,-0.027977854878931424,-0.027505324258412556,-0.026900577156660353,-0.07054562468897634,-0.01600055593487177,0.014713891483487711,0.02907485354481234,0.012088620818511496
EEG CZ,-0.1226095951662463,0.2457758610110195,0.6787512585811446,0.8110499362195152,0.8110241882995057,0.2594687123314864,0.7128111497905274,0.6476165395238985,0.5108667002604308,0.8888760845118836,0.7353191691622856,0.5330962527391332,-0.1748660044658363,0.8839063702034705,-0.04339700295046736,0.5682891477447852,0.7731873320828543,0.7933796976986459,0.12871949006551056,0.5375867471388299,0.7245950328574621,-0.001458267476540573,0.3851405177451206,0.8640319645043639,0.6362893612453299,0.4944579938431366,,,0.10884773629851088,0.10860412896121585,-0.23437861726742498,-0.10154035221610219,-0.1031741294075085,,-0.10634263381150984,-0.10255031891118843,-0.10456551821817898,-0.10299304134015821,0.6098673182979677,1.0,-0.1019261263040311,-0.10063323374520033,-0.10397907323047807,-0.10043970916067567,-0.1766090218373042,-0.04613885571157891,-0.037502193830907846,0.01713330433608568,-0.04061178204335998
3,0.06770068229767412,-0.002554291017475774,-0.06604080205926234,-0.028899938096327245,-0.02849595720151642,0.004252757338902462,-0.041456184588313,-0.056215804841340415,-0.03961718178883143,-0.09913148435380373,-0.05857586493569339,-0.04406305911279954,0.06058456567869543,-0.044396732157334355,0.06810450919938142,0.009312221822856194,0.0028284023944398565,0.0009234586338122352,0.03643247167008364,-0.033558435101302,-0.051151741751606174,0.03343899331029683,0.006374417996173696,0.022011561412577374,0.008158098800830965,-0.033321536279745635,,,0.08129267958632659,0.002388831151963871,0.09517514527108284,0.9972358101287851,0.9994281108745485,,0.9948090189703226,0.9945432640416897,0.9975021673316801,0.9971594969092178,-0.028740398391849362,-0.1019261263040311,1.0,0.9976154190545011,0.9897774186937747,0.9976010129093312,0.3539868014719609,-0.36063969427781284,-0.30604043882090776,-0.6486984350638038,0.005796876078076447
23,0.06740882858668583,-0.0020559020833633163,-0.06536516689977366,-0.027881055023854854,-0.02673115384512722,0.0046156475307121995,-0.0402452605150956,-0.05538696755187237,-0.03894819779332344,-0.09804500475470929,-0.05777720019249779,-0.04344427253838974,0.06119317295774292,-0.043153154941169745,0.06952059660215024,0.011394500792602184,0.004622715579923767,0.0022959245135667355,0.03764132692204812,-0.03181002435536236,-0.0491628057046601,0.03519710817093878,0.008182888367043523,0.023058643053383576,0.009828479177235012,-0.03151213109208324,,,0.08140944165667738,0.0026726447641287417,0.09514286488200897,0.9993891276119323,0.9973396661280916,,0.9928308280856718,0.9966976517026529,0.9954910614860057,0.995272498874389,-0.027977854878931424,-0.10063323374520033,0.9976154190545011,1.0,0.9875725153053118,0.9996944127916667,0.35239990641256397,-0.3587394945842622,-0.3036930271249374,-0.6428637122348718,0.007338553323847204
33,0.06307958581500392,-0.005257844120906763,-0.06557164444468605,-0.02864481977989476,-0.026486047414940463,0.00291225997883956,-0.04108069705201398,-0.05675879930133442,-0.040727621766477796,-0.09892447730492833,-0.05927724624836399,-0.04195979483685938,0.05325008540621319,-0.04697363499807484,0.06569315799244123,0.007564003847332709,0.002082980838683791,0.001588801114084051,0.031540741032189706,-0.034480609800891786,-0.05260525917653075,0.02940221013462441,0.0037595153198481143,0.022436613360546875,0.007265353561963549,-0.033239248369876004,,,0.07946713729966669,0.0018352212886124793,0.08787245775870883,0.9873099392661652,0.9903169084730312,,0.9882912443925721,0.9870391003032859,0.9903137905117088,0.9887010658343689,-0.027505324258412556,-0.10397907323047807,0.9897774186937747,0.9875725153053118,1.0,0.9874495986036094,0.35635576126068425,-0.3697758456710444,-0.31347670859163745,-0.6683754759404211,0.005814276966952447
31,0.0686474466077234,-0.0006859524135312755,-0.064385378547916,-0.02742132323322551,-0.02680424267408451,0.006217878797823538,-0.039980081627339015,-0.05426890142615856,-0.03766399405814902,-0.09737212466409063,-0.056974203740556055,-0.042288532202186556,0.06066562539695708,-0.04264399387371803,0.06868512521830626,0.010930405300303855,0.004320314244432991,0.001968937030271019,0.03691485116594206,-0.0317566277086229,-0.049139255286600424,0.03397813504213424,0.007672476381196597,0.023262310432671934,0.00955681339447703,-0.031753431436581346,,,0.08014671582008968,0.0026474421041887083,0.09531133886213039,0.9994531453261549,0.9974036191577872,,0.9930538129244083,0.9969777321942231,0.9957279139153534,0.9955200194254992,-0.026900577156660353,-0.10043970916067567,0.9976010129093312,0.9996944127916667,0.9874495986036094,1.0,0.35526395549171663,-0.35692680890181505,-0.3016529081977142,-0.6416839016670439,0.006339369690185973
A,-0.02548165913333131,-0.06685169719849705,-0.08926675526587237,-0.09785756715753323,-0.10141937349010602,-0.05939446062633657,-0.07384429314377505,-0.1461692483700397,-0.07533614883242026,-0.1256714988649468,-0.08625028362644604,-0.07523112249350353,-0.08055049516801419,-0.08722456259366086,-0.11929004069991489,-0.14336461011176416,-0.09092564070822466,-0.07225549293153175,-0.08120330194852979,-0.07789406618793171,-0.08042264589127883,-0.14095985161186517,-0.10079020259208842,-0.10922033064302651,-0.04570393005393339,-0.09485033529135521,,,0.10084687557207184,-0.05450009736047264,-0.030385984963999194,0.3542831065691221,0.35776068689454144,,0.3590882906456573,0.357677395519715,0.36197723811376564,0.36320768897694794,-0.07054562468897634,-0.1766090218373042,0.3539868014719609,0.35239990641256397,0.35635576126068425,0.35526395549171663,1.0,0.22371475392829254,0.2764610990609996,-0.010236542576817829,-0.012403269609747952
