{
 "cells": [
  {
   "cell_type": "raw",
   "id": "84236327-7cd6-4a81-bbf6-427db7203876",
   "metadata": {},
   "source": [
    " "
   ]
  },
  {
   "cell_type": "code",
   "execution_count": 1,
   "id": "eb0938b7-fbcb-4f9f-863c-063fc2dd61c5",
   "metadata": {},
   "outputs": [],
   "source": [
    "import pandas as pd"
   ]
  },
  {
   "cell_type": "code",
   "execution_count": 16,
   "id": "0f8ab3c5-5bd0-4e8d-8a56-9503782a05e6",
   "metadata": {},
   "outputs": [],
   "source": [
    "excel= r\"C:\\Users\\monce\\OneDrive\\Documentos\\GitHub\\Neurociencias-2026-1\\S03_datasets\\EEG.xlsx\""
   ]
  },
  {
   "cell_type": "code",
   "execution_count": 24,
   "id": "7f64437d-21e8-49ec-a84b-4b19131bd8af",
   "metadata": {},
   "outputs": [
    {
     "data": {
      "text/html": [
       "<div>\n",
       "<style scoped>\n",
       "    .dataframe tbody tr th:only-of-type {\n",
       "        vertical-align: middle;\n",
       "    }\n",
       "\n",
       "    .dataframe tbody tr th {\n",
       "        vertical-align: top;\n",
       "    }\n",
       "\n",
       "    .dataframe thead th {\n",
       "        text-align: right;\n",
       "    }\n",
       "</style>\n",
       "<table border=\"1\" class=\"dataframe\">\n",
       "  <thead>\n",
       "    <tr style=\"text-align: right;\">\n",
       "      <th></th>\n",
       "      <th>Unnamed: 0</th>\n",
       "      <th>F3</th>\n",
       "      <th>F4</th>\n",
       "      <th>C3</th>\n",
       "      <th>C4</th>\n",
       "      <th>P3</th>\n",
       "      <th>P4</th>\n",
       "      <th>O1</th>\n",
       "      <th>O2</th>\n",
       "    </tr>\n",
       "  </thead>\n",
       "  <tbody>\n",
       "    <tr>\n",
       "      <th>0</th>\n",
       "      <td>F3</td>\n",
       "      <td>1.00</td>\n",
       "      <td>0.58</td>\n",
       "      <td>0.46</td>\n",
       "      <td>0.40</td>\n",
       "      <td>0.22</td>\n",
       "      <td>0.18</td>\n",
       "      <td>0.12</td>\n",
       "      <td>0.10</td>\n",
       "    </tr>\n",
       "    <tr>\n",
       "      <th>1</th>\n",
       "      <td>F4</td>\n",
       "      <td>0.58</td>\n",
       "      <td>1.00</td>\n",
       "      <td>0.44</td>\n",
       "      <td>0.39</td>\n",
       "      <td>0.20</td>\n",
       "      <td>0.17</td>\n",
       "      <td>0.11</td>\n",
       "      <td>0.09</td>\n",
       "    </tr>\n",
       "    <tr>\n",
       "      <th>2</th>\n",
       "      <td>C3</td>\n",
       "      <td>0.46</td>\n",
       "      <td>0.44</td>\n",
       "      <td>1.00</td>\n",
       "      <td>0.62</td>\n",
       "      <td>0.25</td>\n",
       "      <td>0.22</td>\n",
       "      <td>0.13</td>\n",
       "      <td>0.11</td>\n",
       "    </tr>\n",
       "    <tr>\n",
       "      <th>3</th>\n",
       "      <td>C4</td>\n",
       "      <td>0.40</td>\n",
       "      <td>0.39</td>\n",
       "      <td>0.62</td>\n",
       "      <td>1.00</td>\n",
       "      <td>0.23</td>\n",
       "      <td>0.21</td>\n",
       "      <td>0.12</td>\n",
       "      <td>0.10</td>\n",
       "    </tr>\n",
       "    <tr>\n",
       "      <th>4</th>\n",
       "      <td>P3</td>\n",
       "      <td>0.22</td>\n",
       "      <td>0.20</td>\n",
       "      <td>0.25</td>\n",
       "      <td>0.23</td>\n",
       "      <td>1.00</td>\n",
       "      <td>0.55</td>\n",
       "      <td>0.28</td>\n",
       "      <td>0.20</td>\n",
       "    </tr>\n",
       "    <tr>\n",
       "      <th>5</th>\n",
       "      <td>P4</td>\n",
       "      <td>0.18</td>\n",
       "      <td>0.17</td>\n",
       "      <td>0.22</td>\n",
       "      <td>0.21</td>\n",
       "      <td>0.55</td>\n",
       "      <td>1.00</td>\n",
       "      <td>0.27</td>\n",
       "      <td>0.19</td>\n",
       "    </tr>\n",
       "    <tr>\n",
       "      <th>6</th>\n",
       "      <td>O1</td>\n",
       "      <td>0.12</td>\n",
       "      <td>0.11</td>\n",
       "      <td>0.13</td>\n",
       "      <td>0.12</td>\n",
       "      <td>0.28</td>\n",
       "      <td>0.27</td>\n",
       "      <td>1.00</td>\n",
       "      <td>0.48</td>\n",
       "    </tr>\n",
       "    <tr>\n",
       "      <th>7</th>\n",
       "      <td>O2</td>\n",
       "      <td>0.10</td>\n",
       "      <td>0.09</td>\n",
       "      <td>0.11</td>\n",
       "      <td>0.10</td>\n",
       "      <td>0.20</td>\n",
       "      <td>0.19</td>\n",
       "      <td>0.48</td>\n",
       "      <td>1.00</td>\n",
       "    </tr>\n",
       "  </tbody>\n",
       "</table>\n",
       "</div>"
      ],
      "text/plain": [
       "  Unnamed: 0    F3    F4    C3    C4    P3    P4    O1    O2\n",
       "0         F3  1.00  0.58  0.46  0.40  0.22  0.18  0.12  0.10\n",
       "1         F4  0.58  1.00  0.44  0.39  0.20  0.17  0.11  0.09\n",
       "2         C3  0.46  0.44  1.00  0.62  0.25  0.22  0.13  0.11\n",
       "3         C4  0.40  0.39  0.62  1.00  0.23  0.21  0.12  0.10\n",
       "4         P3  0.22  0.20  0.25  0.23  1.00  0.55  0.28  0.20\n",
       "5         P4  0.18  0.17  0.22  0.21  0.55  1.00  0.27  0.19\n",
       "6         O1  0.12  0.11  0.13  0.12  0.28  0.27  1.00  0.48\n",
       "7         O2  0.10  0.09  0.11  0.10  0.20  0.19  0.48  1.00"
      ]
     },
     "execution_count": 24,
     "metadata": {},
     "output_type": "execute_result"
    }
   ],
   "source": [
    "pd.read_excel(excel)\n"
   ]
  },
  {
   "cell_type": "code",
   "execution_count": 12,
   "id": "530023f6-bf5e-404a-b894-9c904d42b21f",
   "metadata": {},
   "outputs": [
    {
     "data": {
      "text/html": [
       "<div>\n",
       "<style scoped>\n",
       "    .dataframe tbody tr th:only-of-type {\n",
       "        vertical-align: middle;\n",
       "    }\n",
       "\n",
       "    .dataframe tbody tr th {\n",
       "        vertical-align: top;\n",
       "    }\n",
       "\n",
       "    .dataframe thead th {\n",
       "        text-align: right;\n",
       "    }\n",
       "</style>\n",
       "<table border=\"1\" class=\"dataframe\">\n",
       "  <thead>\n",
       "    <tr style=\"text-align: right;\">\n",
       "      <th></th>\n",
       "      <th>Unnamed: 0</th>\n",
       "      <th>F3</th>\n",
       "      <th>F4</th>\n",
       "      <th>C3</th>\n",
       "      <th>C4</th>\n",
       "      <th>P3</th>\n",
       "      <th>P4</th>\n",
       "      <th>O1</th>\n",
       "      <th>O2</th>\n",
       "    </tr>\n",
       "  </thead>\n",
       "  <tbody>\n",
       "    <tr>\n",
       "      <th>0</th>\n",
       "      <td>F3</td>\n",
       "      <td>1.00</td>\n",
       "      <td>0.58</td>\n",
       "      <td>0.46</td>\n",
       "      <td>0.40</td>\n",
       "      <td>0.22</td>\n",
       "      <td>0.18</td>\n",
       "      <td>0.12</td>\n",
       "      <td>0.10</td>\n",
       "    </tr>\n",
       "    <tr>\n",
       "      <th>1</th>\n",
       "      <td>F4</td>\n",
       "      <td>0.58</td>\n",
       "      <td>1.00</td>\n",
       "      <td>0.44</td>\n",
       "      <td>0.39</td>\n",
       "      <td>0.20</td>\n",
       "      <td>0.17</td>\n",
       "      <td>0.11</td>\n",
       "      <td>0.09</td>\n",
       "    </tr>\n",
       "    <tr>\n",
       "      <th>2</th>\n",
       "      <td>C3</td>\n",
       "      <td>0.46</td>\n",
       "      <td>0.44</td>\n",
       "      <td>1.00</td>\n",
       "      <td>0.62</td>\n",
       "      <td>0.25</td>\n",
       "      <td>0.22</td>\n",
       "      <td>0.13</td>\n",
       "      <td>0.11</td>\n",
       "    </tr>\n",
       "    <tr>\n",
       "      <th>3</th>\n",
       "      <td>C4</td>\n",
       "      <td>0.40</td>\n",
       "      <td>0.39</td>\n",
       "      <td>0.62</td>\n",
       "      <td>1.00</td>\n",
       "      <td>0.23</td>\n",
       "      <td>0.21</td>\n",
       "      <td>0.12</td>\n",
       "      <td>0.10</td>\n",
       "    </tr>\n",
       "    <tr>\n",
       "      <th>4</th>\n",
       "      <td>P3</td>\n",
       "      <td>0.22</td>\n",
       "      <td>0.20</td>\n",
       "      <td>0.25</td>\n",
       "      <td>0.23</td>\n",
       "      <td>1.00</td>\n",
       "      <td>0.55</td>\n",
       "      <td>0.28</td>\n",
       "      <td>0.20</td>\n",
       "    </tr>\n",
       "    <tr>\n",
       "      <th>5</th>\n",
       "      <td>P4</td>\n",
       "      <td>0.18</td>\n",
       "      <td>0.17</td>\n",
       "      <td>0.22</td>\n",
       "      <td>0.21</td>\n",
       "      <td>0.55</td>\n",
       "      <td>1.00</td>\n",
       "      <td>0.27</td>\n",
       "      <td>0.19</td>\n",
       "    </tr>\n",
       "    <tr>\n",
       "      <th>6</th>\n",
       "      <td>O1</td>\n",
       "      <td>0.12</td>\n",
       "      <td>0.11</td>\n",
       "      <td>0.13</td>\n",
       "      <td>0.12</td>\n",
       "      <td>0.28</td>\n",
       "      <td>0.27</td>\n",
       "      <td>1.00</td>\n",
       "      <td>0.48</td>\n",
       "    </tr>\n",
       "    <tr>\n",
       "      <th>7</th>\n",
       "      <td>O2</td>\n",
       "      <td>0.10</td>\n",
       "      <td>0.09</td>\n",
       "      <td>0.11</td>\n",
       "      <td>0.10</td>\n",
       "      <td>0.20</td>\n",
       "      <td>0.19</td>\n",
       "      <td>0.48</td>\n",
       "      <td>1.00</td>\n",
       "    </tr>\n",
       "  </tbody>\n",
       "</table>\n",
       "</div>"
      ],
      "text/plain": [
       "  Unnamed: 0    F3    F4    C3    C4    P3    P4    O1    O2\n",
       "0         F3  1.00  0.58  0.46  0.40  0.22  0.18  0.12  0.10\n",
       "1         F4  0.58  1.00  0.44  0.39  0.20  0.17  0.11  0.09\n",
       "2         C3  0.46  0.44  1.00  0.62  0.25  0.22  0.13  0.11\n",
       "3         C4  0.40  0.39  0.62  1.00  0.23  0.21  0.12  0.10\n",
       "4         P3  0.22  0.20  0.25  0.23  1.00  0.55  0.28  0.20\n",
       "5         P4  0.18  0.17  0.22  0.21  0.55  1.00  0.27  0.19\n",
       "6         O1  0.12  0.11  0.13  0.12  0.28  0.27  1.00  0.48\n",
       "7         O2  0.10  0.09  0.11  0.10  0.20  0.19  0.48  1.00"
      ]
     },
     "execution_count": 12,
     "metadata": {},
     "output_type": "execute_result"
    }
   ],
   "source": [
    "df ## solomostró a primera hoja del archivo excel"
   ]
  },
  {
   "cell_type": "code",
   "execution_count": 29,
   "id": "df319d76-c1d9-467f-b79c-fbf033bbc194",
   "metadata": {},
   "outputs": [
    {
     "data": {
      "text/html": [
       "<div>\n",
       "<style scoped>\n",
       "    .dataframe tbody tr th:only-of-type {\n",
       "        vertical-align: middle;\n",
       "    }\n",
       "\n",
       "    .dataframe tbody tr th {\n",
       "        vertical-align: top;\n",
       "    }\n",
       "\n",
       "    .dataframe thead th {\n",
       "        text-align: right;\n",
       "    }\n",
       "</style>\n",
       "<table border=\"1\" class=\"dataframe\">\n",
       "  <thead>\n",
       "    <tr style=\"text-align: right;\">\n",
       "      <th></th>\n",
       "      <th>Unnamed: 0</th>\n",
       "      <th>FP1</th>\n",
       "      <th>F7</th>\n",
       "      <th>T3</th>\n",
       "      <th>C3</th>\n",
       "      <th>C4</th>\n",
       "      <th>T4</th>\n",
       "      <th>F8</th>\n",
       "      <th>FP2</th>\n",
       "    </tr>\n",
       "  </thead>\n",
       "  <tbody>\n",
       "    <tr>\n",
       "      <th>0</th>\n",
       "      <td>FP1</td>\n",
       "      <td>1.00</td>\n",
       "      <td>0.25</td>\n",
       "      <td>0.18</td>\n",
       "      <td>0.12</td>\n",
       "      <td>0.10</td>\n",
       "      <td>0.09</td>\n",
       "      <td>0.07</td>\n",
       "      <td>0.06</td>\n",
       "    </tr>\n",
       "    <tr>\n",
       "      <th>1</th>\n",
       "      <td>F7</td>\n",
       "      <td>0.25</td>\n",
       "      <td>1.00</td>\n",
       "      <td>0.20</td>\n",
       "      <td>0.15</td>\n",
       "      <td>0.12</td>\n",
       "      <td>0.10</td>\n",
       "      <td>0.08</td>\n",
       "      <td>0.07</td>\n",
       "    </tr>\n",
       "    <tr>\n",
       "      <th>2</th>\n",
       "      <td>T3</td>\n",
       "      <td>0.18</td>\n",
       "      <td>0.20</td>\n",
       "      <td>1.00</td>\n",
       "      <td>0.28</td>\n",
       "      <td>0.22</td>\n",
       "      <td>0.18</td>\n",
       "      <td>0.11</td>\n",
       "      <td>0.10</td>\n",
       "    </tr>\n",
       "    <tr>\n",
       "      <th>3</th>\n",
       "      <td>C3</td>\n",
       "      <td>0.12</td>\n",
       "      <td>0.15</td>\n",
       "      <td>0.28</td>\n",
       "      <td>1.00</td>\n",
       "      <td>0.30</td>\n",
       "      <td>0.25</td>\n",
       "      <td>0.12</td>\n",
       "      <td>0.11</td>\n",
       "    </tr>\n",
       "    <tr>\n",
       "      <th>4</th>\n",
       "      <td>C4</td>\n",
       "      <td>0.10</td>\n",
       "      <td>0.12</td>\n",
       "      <td>0.22</td>\n",
       "      <td>0.30</td>\n",
       "      <td>1.00</td>\n",
       "      <td>0.35</td>\n",
       "      <td>0.14</td>\n",
       "      <td>0.13</td>\n",
       "    </tr>\n",
       "    <tr>\n",
       "      <th>5</th>\n",
       "      <td>T4</td>\n",
       "      <td>0.09</td>\n",
       "      <td>0.10</td>\n",
       "      <td>0.18</td>\n",
       "      <td>0.25</td>\n",
       "      <td>0.35</td>\n",
       "      <td>1.00</td>\n",
       "      <td>0.13</td>\n",
       "      <td>0.12</td>\n",
       "    </tr>\n",
       "    <tr>\n",
       "      <th>6</th>\n",
       "      <td>F8</td>\n",
       "      <td>0.07</td>\n",
       "      <td>0.08</td>\n",
       "      <td>0.11</td>\n",
       "      <td>0.12</td>\n",
       "      <td>0.14</td>\n",
       "      <td>0.13</td>\n",
       "      <td>1.00</td>\n",
       "      <td>0.40</td>\n",
       "    </tr>\n",
       "    <tr>\n",
       "      <th>7</th>\n",
       "      <td>FP2</td>\n",
       "      <td>0.06</td>\n",
       "      <td>0.07</td>\n",
       "      <td>0.10</td>\n",
       "      <td>0.11</td>\n",
       "      <td>0.13</td>\n",
       "      <td>0.12</td>\n",
       "      <td>0.40</td>\n",
       "      <td>1.00</td>\n",
       "    </tr>\n",
       "  </tbody>\n",
       "</table>\n",
       "</div>"
      ],
      "text/plain": [
       "  Unnamed: 0   FP1    F7    T3    C3    C4    T4    F8   FP2\n",
       "0        FP1  1.00  0.25  0.18  0.12  0.10  0.09  0.07  0.06\n",
       "1         F7  0.25  1.00  0.20  0.15  0.12  0.10  0.08  0.07\n",
       "2         T3  0.18  0.20  1.00  0.28  0.22  0.18  0.11  0.10\n",
       "3         C3  0.12  0.15  0.28  1.00  0.30  0.25  0.12  0.11\n",
       "4         C4  0.10  0.12  0.22  0.30  1.00  0.35  0.14  0.13\n",
       "5         T4  0.09  0.10  0.18  0.25  0.35  1.00  0.13  0.12\n",
       "6         F8  0.07  0.08  0.11  0.12  0.14  0.13  1.00  0.40\n",
       "7        FP2  0.06  0.07  0.10  0.11  0.13  0.12  0.40  1.00"
      ]
     },
     "execution_count": 29,
     "metadata": {},
     "output_type": "execute_result"
    }
   ],
   "source": [
    "pd.read_excel(excel, sheet_name=\"coherence_chbmit_interictal\")"
   ]
  },
  {
   "cell_type": "code",
   "execution_count": 31,
   "id": "bfd89da2-2fef-4f52-bba3-78239083c135",
   "metadata": {},
   "outputs": [
    {
     "data": {
      "text/plain": [
       "{'coherence_motorimagery_alpha':   Unnamed: 0    F3    F4    C3    C4    P3    P4    O1    O2\n",
       " 0         F3  1.00  0.58  0.46  0.40  0.22  0.18  0.12  0.10\n",
       " 1         F4  0.58  1.00  0.44  0.39  0.20  0.17  0.11  0.09\n",
       " 2         C3  0.46  0.44  1.00  0.62  0.25  0.22  0.13  0.11\n",
       " 3         C4  0.40  0.39  0.62  1.00  0.23  0.21  0.12  0.10\n",
       " 4         P3  0.22  0.20  0.25  0.23  1.00  0.55  0.28  0.20\n",
       " 5         P4  0.18  0.17  0.22  0.21  0.55  1.00  0.27  0.19\n",
       " 6         O1  0.12  0.11  0.13  0.12  0.28  0.27  1.00  0.48\n",
       " 7         O2  0.10  0.09  0.11  0.10  0.20  0.19  0.48  1.00,\n",
       " 'coherence_chbmit_interictal':   Unnamed: 0   FP1    F7    T3    C3    C4    T4    F8   FP2\n",
       " 0        FP1  1.00  0.25  0.18  0.12  0.10  0.09  0.07  0.06\n",
       " 1         F7  0.25  1.00  0.20  0.15  0.12  0.10  0.08  0.07\n",
       " 2         T3  0.18  0.20  1.00  0.28  0.22  0.18  0.11  0.10\n",
       " 3         C3  0.12  0.15  0.28  1.00  0.30  0.25  0.12  0.11\n",
       " 4         C4  0.10  0.12  0.22  0.30  1.00  0.35  0.14  0.13\n",
       " 5         T4  0.09  0.10  0.18  0.25  0.35  1.00  0.13  0.12\n",
       " 6         F8  0.07  0.08  0.11  0.12  0.14  0.13  1.00  0.40\n",
       " 7        FP2  0.06  0.07  0.10  0.11  0.13  0.12  0.40  1.00,\n",
       " 'coherence_chbmit_ictal':   Unnamed: 0   FP1    F7    T3    C3    C4    T4    F8   FP2\n",
       " 0        FP1  1.00  0.48  0.42  0.35  0.32  0.30  0.20  0.18\n",
       " 1         F7  0.48  1.00  0.45  0.38  0.35  0.33  0.22  0.20\n",
       " 2         T3  0.42  0.45  1.00  0.58  0.52  0.48  0.28  0.26\n",
       " 3         C3  0.35  0.38  0.58  1.00  0.60  0.55  0.30  0.28\n",
       " 4         C4  0.32  0.35  0.52  0.60  1.00  0.62  0.33  0.30\n",
       " 5         T4  0.30  0.33  0.48  0.55  0.62  1.00  0.31  0.29\n",
       " 6         F8  0.20  0.22  0.28  0.30  0.33  0.31  1.00  0.45\n",
       " 7        FP2  0.18  0.20  0.26  0.28  0.30  0.29  0.45  1.00}"
      ]
     },
     "execution_count": 31,
     "metadata": {},
     "output_type": "execute_result"
    }
   ],
   "source": [
    "dic= pd.read_excel(excel, sheet_name=None) ## hacer el df diccionario?\n",
    "dic"
   ]
  },
  {
   "cell_type": "code",
   "execution_count": 28,
   "id": "f176f134-e1b7-4f89-9044-bd8b9b562e17",
   "metadata": {},
   "outputs": [
    {
     "data": {
      "text/plain": [
       "dict"
      ]
     },
     "execution_count": 28,
     "metadata": {},
     "output_type": "execute_result"
    }
   ],
   "source": [
    "type(dic)"
   ]
  },
  {
   "cell_type": "code",
   "execution_count": 36,
   "id": "1ec2ffbd-2cde-41cc-9a73-cf83153b81ba",
   "metadata": {},
   "outputs": [
    {
     "data": {
      "text/plain": [
       "pandas.core.frame.DataFrame"
      ]
     },
     "execution_count": 36,
     "metadata": {},
     "output_type": "execute_result"
    }
   ],
   "source": [
    "variable= dic[\"coherence_chbmit_interictal\"]\n",
    "type(variable)"
   ]
  },
  {
   "cell_type": "code",
   "execution_count": 37,
   "id": "33222af5-c5a9-4877-a23c-f86ac296b32e",
   "metadata": {},
   "outputs": [
    {
     "data": {
      "text/html": [
       "<div>\n",
       "<style scoped>\n",
       "    .dataframe tbody tr th:only-of-type {\n",
       "        vertical-align: middle;\n",
       "    }\n",
       "\n",
       "    .dataframe tbody tr th {\n",
       "        vertical-align: top;\n",
       "    }\n",
       "\n",
       "    .dataframe thead th {\n",
       "        text-align: right;\n",
       "    }\n",
       "</style>\n",
       "<table border=\"1\" class=\"dataframe\">\n",
       "  <thead>\n",
       "    <tr style=\"text-align: right;\">\n",
       "      <th></th>\n",
       "      <th>Unnamed: 0</th>\n",
       "      <th>FP1</th>\n",
       "      <th>F7</th>\n",
       "      <th>T3</th>\n",
       "      <th>C3</th>\n",
       "      <th>C4</th>\n",
       "      <th>T4</th>\n",
       "      <th>F8</th>\n",
       "      <th>FP2</th>\n",
       "    </tr>\n",
       "  </thead>\n",
       "  <tbody>\n",
       "    <tr>\n",
       "      <th>0</th>\n",
       "      <td>FP1</td>\n",
       "      <td>1.00</td>\n",
       "      <td>0.25</td>\n",
       "      <td>0.18</td>\n",
       "      <td>0.12</td>\n",
       "      <td>0.10</td>\n",
       "      <td>0.09</td>\n",
       "      <td>0.07</td>\n",
       "      <td>0.06</td>\n",
       "    </tr>\n",
       "    <tr>\n",
       "      <th>1</th>\n",
       "      <td>F7</td>\n",
       "      <td>0.25</td>\n",
       "      <td>1.00</td>\n",
       "      <td>0.20</td>\n",
       "      <td>0.15</td>\n",
       "      <td>0.12</td>\n",
       "      <td>0.10</td>\n",
       "      <td>0.08</td>\n",
       "      <td>0.07</td>\n",
       "    </tr>\n",
       "    <tr>\n",
       "      <th>2</th>\n",
       "      <td>T3</td>\n",
       "      <td>0.18</td>\n",
       "      <td>0.20</td>\n",
       "      <td>1.00</td>\n",
       "      <td>0.28</td>\n",
       "      <td>0.22</td>\n",
       "      <td>0.18</td>\n",
       "      <td>0.11</td>\n",
       "      <td>0.10</td>\n",
       "    </tr>\n",
       "    <tr>\n",
       "      <th>3</th>\n",
       "      <td>C3</td>\n",
       "      <td>0.12</td>\n",
       "      <td>0.15</td>\n",
       "      <td>0.28</td>\n",
       "      <td>1.00</td>\n",
       "      <td>0.30</td>\n",
       "      <td>0.25</td>\n",
       "      <td>0.12</td>\n",
       "      <td>0.11</td>\n",
       "    </tr>\n",
       "    <tr>\n",
       "      <th>4</th>\n",
       "      <td>C4</td>\n",
       "      <td>0.10</td>\n",
       "      <td>0.12</td>\n",
       "      <td>0.22</td>\n",
       "      <td>0.30</td>\n",
       "      <td>1.00</td>\n",
       "      <td>0.35</td>\n",
       "      <td>0.14</td>\n",
       "      <td>0.13</td>\n",
       "    </tr>\n",
       "    <tr>\n",
       "      <th>5</th>\n",
       "      <td>T4</td>\n",
       "      <td>0.09</td>\n",
       "      <td>0.10</td>\n",
       "      <td>0.18</td>\n",
       "      <td>0.25</td>\n",
       "      <td>0.35</td>\n",
       "      <td>1.00</td>\n",
       "      <td>0.13</td>\n",
       "      <td>0.12</td>\n",
       "    </tr>\n",
       "    <tr>\n",
       "      <th>6</th>\n",
       "      <td>F8</td>\n",
       "      <td>0.07</td>\n",
       "      <td>0.08</td>\n",
       "      <td>0.11</td>\n",
       "      <td>0.12</td>\n",
       "      <td>0.14</td>\n",
       "      <td>0.13</td>\n",
       "      <td>1.00</td>\n",
       "      <td>0.40</td>\n",
       "    </tr>\n",
       "    <tr>\n",
       "      <th>7</th>\n",
       "      <td>FP2</td>\n",
       "      <td>0.06</td>\n",
       "      <td>0.07</td>\n",
       "      <td>0.10</td>\n",
       "      <td>0.11</td>\n",
       "      <td>0.13</td>\n",
       "      <td>0.12</td>\n",
       "      <td>0.40</td>\n",
       "      <td>1.00</td>\n",
       "    </tr>\n",
       "  </tbody>\n",
       "</table>\n",
       "</div>"
      ],
      "text/plain": [
       "  Unnamed: 0   FP1    F7    T3    C3    C4    T4    F8   FP2\n",
       "0        FP1  1.00  0.25  0.18  0.12  0.10  0.09  0.07  0.06\n",
       "1         F7  0.25  1.00  0.20  0.15  0.12  0.10  0.08  0.07\n",
       "2         T3  0.18  0.20  1.00  0.28  0.22  0.18  0.11  0.10\n",
       "3         C3  0.12  0.15  0.28  1.00  0.30  0.25  0.12  0.11\n",
       "4         C4  0.10  0.12  0.22  0.30  1.00  0.35  0.14  0.13\n",
       "5         T4  0.09  0.10  0.18  0.25  0.35  1.00  0.13  0.12\n",
       "6         F8  0.07  0.08  0.11  0.12  0.14  0.13  1.00  0.40\n",
       "7        FP2  0.06  0.07  0.10  0.11  0.13  0.12  0.40  1.00"
      ]
     },
     "execution_count": 37,
     "metadata": {},
     "output_type": "execute_result"
    }
   ],
   "source": [
    "variable"
   ]
  },
  {
   "cell_type": "code",
   "execution_count": null,
   "id": "49d750df-3138-4f86-9cf4-11b891dd1977",
   "metadata": {},
   "outputs": [],
   "source": []
  },
  {
   "cell_type": "code",
   "execution_count": null,
   "id": "b98a0b63-8327-4c96-b6e8-d5923362f672",
   "metadata": {},
   "outputs": [],
   "source": []
  },
  {
   "cell_type": "code",
   "execution_count": null,
   "id": "6fed8dca-7f08-42f9-bf92-c0f2da707439",
   "metadata": {},
   "outputs": [],
   "source": []
  },
  {
   "cell_type": "code",
   "execution_count": null,
   "id": "e7aed6a4-09bd-4e1d-bdc2-ea1dc70bda6b",
   "metadata": {},
   "outputs": [],
   "source": []
  }
 ],
 "metadata": {
  "kernelspec": {
   "display_name": "Python 3 (ipykernel)",
   "language": "python",
   "name": "python3"
  },
  "language_info": {
   "codemirror_mode": {
    "name": "ipython",
    "version": 3
   },
   "file_extension": ".py",
   "mimetype": "text/x-python",
   "name": "python",
   "nbconvert_exporter": "python",
   "pygments_lexer": "ipython3",
   "version": "3.10.4"
  }
 },
 "nbformat": 4,
 "nbformat_minor": 5
}
