{
 "cells": [
  {
   "cell_type": "code",
   "execution_count": null,
   "id": "a8bd12f9-4dbe-4dc5-b31a-1b60b1a3252c",
   "metadata": {},
   "outputs": [],
   "source": [
    "#Hay que hacer en github desktop update from main y fetch origin para que el archivo excel aparezca en la carpeta datasets"
   ]
  },
  {
   "cell_type": "code",
   "execution_count": 1,
   "id": "d9cf94cb-5fc3-4335-9c27-4a268c21919c",
   "metadata": {},
   "outputs": [],
   "source": [
    "import pandas as pd"
   ]
  },
  {
   "cell_type": "code",
   "execution_count": 4,
   "id": "4a423270-8d56-440c-8590-9cdd9cae69c0",
   "metadata": {},
   "outputs": [],
   "source": [
    "path = r\"C:\\Users\\Juan\\Documents\\GitHub\\Neurociencias-2026-1\\S03_datasets\\EEG.xlsx\"\n",
    "excel = pd.read_excel(path) #Leer archivo de excel, r al inicio de la ruta para que se interprete como ruta y no como texto\n",
    "#para que esto funcione hay que abrir cmd, y escribir: py -m pip install openpyxl"
   ]
  },
  {
   "cell_type": "code",
   "execution_count": 5,
   "id": "5a4de75b-392c-42dc-8005-79b51f3a10b4",
   "metadata": {},
   "outputs": [
    {
     "data": {
      "text/html": [
       "<div>\n",
       "<style scoped>\n",
       "    .dataframe tbody tr th:only-of-type {\n",
       "        vertical-align: middle;\n",
       "    }\n",
       "\n",
       "    .dataframe tbody tr th {\n",
       "        vertical-align: top;\n",
       "    }\n",
       "\n",
       "    .dataframe thead th {\n",
       "        text-align: right;\n",
       "    }\n",
       "</style>\n",
       "<table border=\"1\" class=\"dataframe\">\n",
       "  <thead>\n",
       "    <tr style=\"text-align: right;\">\n",
       "      <th></th>\n",
       "      <th>Unnamed: 0</th>\n",
       "      <th>F3</th>\n",
       "      <th>F4</th>\n",
       "      <th>C3</th>\n",
       "      <th>C4</th>\n",
       "      <th>P3</th>\n",
       "      <th>P4</th>\n",
       "      <th>O1</th>\n",
       "      <th>O2</th>\n",
       "    </tr>\n",
       "  </thead>\n",
       "  <tbody>\n",
       "    <tr>\n",
       "      <th>0</th>\n",
       "      <td>F3</td>\n",
       "      <td>1.00</td>\n",
       "      <td>0.58</td>\n",
       "      <td>0.46</td>\n",
       "      <td>0.40</td>\n",
       "      <td>0.22</td>\n",
       "      <td>0.18</td>\n",
       "      <td>0.12</td>\n",
       "      <td>0.10</td>\n",
       "    </tr>\n",
       "    <tr>\n",
       "      <th>1</th>\n",
       "      <td>F4</td>\n",
       "      <td>0.58</td>\n",
       "      <td>1.00</td>\n",
       "      <td>0.44</td>\n",
       "      <td>0.39</td>\n",
       "      <td>0.20</td>\n",
       "      <td>0.17</td>\n",
       "      <td>0.11</td>\n",
       "      <td>0.09</td>\n",
       "    </tr>\n",
       "    <tr>\n",
       "      <th>2</th>\n",
       "      <td>C3</td>\n",
       "      <td>0.46</td>\n",
       "      <td>0.44</td>\n",
       "      <td>1.00</td>\n",
       "      <td>0.62</td>\n",
       "      <td>0.25</td>\n",
       "      <td>0.22</td>\n",
       "      <td>0.13</td>\n",
       "      <td>0.11</td>\n",
       "    </tr>\n",
       "    <tr>\n",
       "      <th>3</th>\n",
       "      <td>C4</td>\n",
       "      <td>0.40</td>\n",
       "      <td>0.39</td>\n",
       "      <td>0.62</td>\n",
       "      <td>1.00</td>\n",
       "      <td>0.23</td>\n",
       "      <td>0.21</td>\n",
       "      <td>0.12</td>\n",
       "      <td>0.10</td>\n",
       "    </tr>\n",
       "    <tr>\n",
       "      <th>4</th>\n",
       "      <td>P3</td>\n",
       "      <td>0.22</td>\n",
       "      <td>0.20</td>\n",
       "      <td>0.25</td>\n",
       "      <td>0.23</td>\n",
       "      <td>1.00</td>\n",
       "      <td>0.55</td>\n",
       "      <td>0.28</td>\n",
       "      <td>0.20</td>\n",
       "    </tr>\n",
       "    <tr>\n",
       "      <th>5</th>\n",
       "      <td>P4</td>\n",
       "      <td>0.18</td>\n",
       "      <td>0.17</td>\n",
       "      <td>0.22</td>\n",
       "      <td>0.21</td>\n",
       "      <td>0.55</td>\n",
       "      <td>1.00</td>\n",
       "      <td>0.27</td>\n",
       "      <td>0.19</td>\n",
       "    </tr>\n",
       "    <tr>\n",
       "      <th>6</th>\n",
       "      <td>O1</td>\n",
       "      <td>0.12</td>\n",
       "      <td>0.11</td>\n",
       "      <td>0.13</td>\n",
       "      <td>0.12</td>\n",
       "      <td>0.28</td>\n",
       "      <td>0.27</td>\n",
       "      <td>1.00</td>\n",
       "      <td>0.48</td>\n",
       "    </tr>\n",
       "    <tr>\n",
       "      <th>7</th>\n",
       "      <td>O2</td>\n",
       "      <td>0.10</td>\n",
       "      <td>0.09</td>\n",
       "      <td>0.11</td>\n",
       "      <td>0.10</td>\n",
       "      <td>0.20</td>\n",
       "      <td>0.19</td>\n",
       "      <td>0.48</td>\n",
       "      <td>1.00</td>\n",
       "    </tr>\n",
       "  </tbody>\n",
       "</table>\n",
       "</div>"
      ],
      "text/plain": [
       "  Unnamed: 0    F3    F4    C3    C4    P3    P4    O1    O2\n",
       "0         F3  1.00  0.58  0.46  0.40  0.22  0.18  0.12  0.10\n",
       "1         F4  0.58  1.00  0.44  0.39  0.20  0.17  0.11  0.09\n",
       "2         C3  0.46  0.44  1.00  0.62  0.25  0.22  0.13  0.11\n",
       "3         C4  0.40  0.39  0.62  1.00  0.23  0.21  0.12  0.10\n",
       "4         P3  0.22  0.20  0.25  0.23  1.00  0.55  0.28  0.20\n",
       "5         P4  0.18  0.17  0.22  0.21  0.55  1.00  0.27  0.19\n",
       "6         O1  0.12  0.11  0.13  0.12  0.28  0.27  1.00  0.48\n",
       "7         O2  0.10  0.09  0.11  0.10  0.20  0.19  0.48  1.00"
      ]
     },
     "execution_count": 5,
     "metadata": {},
     "output_type": "execute_result"
    }
   ],
   "source": [
    "excel"
   ]
  },
  {
   "cell_type": "code",
   "execution_count": 6,
   "id": "550f3067-2237-4861-af04-c97ae7f87148",
   "metadata": {},
   "outputs": [
    {
     "data": {
      "text/plain": [
       "pandas.core.frame.DataFrame"
      ]
     },
     "execution_count": 6,
     "metadata": {},
     "output_type": "execute_result"
    }
   ],
   "source": [
    "type(excel) #el archivo de excel ahora es un dataframe "
   ]
  },
  {
   "cell_type": "code",
   "execution_count": 10,
   "id": "8c2ae62b-e33f-4d78-b9cc-017e5e9d8604",
   "metadata": {},
   "outputs": [
    {
     "data": {
      "text/html": [
       "<div>\n",
       "<style scoped>\n",
       "    .dataframe tbody tr th:only-of-type {\n",
       "        vertical-align: middle;\n",
       "    }\n",
       "\n",
       "    .dataframe tbody tr th {\n",
       "        vertical-align: top;\n",
       "    }\n",
       "\n",
       "    .dataframe thead th {\n",
       "        text-align: right;\n",
       "    }\n",
       "</style>\n",
       "<table border=\"1\" class=\"dataframe\">\n",
       "  <thead>\n",
       "    <tr style=\"text-align: right;\">\n",
       "      <th></th>\n",
       "      <th>Unnamed: 0</th>\n",
       "      <th>FP1</th>\n",
       "      <th>F7</th>\n",
       "      <th>T3</th>\n",
       "      <th>C3</th>\n",
       "      <th>C4</th>\n",
       "      <th>T4</th>\n",
       "      <th>F8</th>\n",
       "      <th>FP2</th>\n",
       "    </tr>\n",
       "  </thead>\n",
       "  <tbody>\n",
       "    <tr>\n",
       "      <th>0</th>\n",
       "      <td>FP1</td>\n",
       "      <td>1.00</td>\n",
       "      <td>0.25</td>\n",
       "      <td>0.18</td>\n",
       "      <td>0.12</td>\n",
       "      <td>0.10</td>\n",
       "      <td>0.09</td>\n",
       "      <td>0.07</td>\n",
       "      <td>0.06</td>\n",
       "    </tr>\n",
       "    <tr>\n",
       "      <th>1</th>\n",
       "      <td>F7</td>\n",
       "      <td>0.25</td>\n",
       "      <td>1.00</td>\n",
       "      <td>0.20</td>\n",
       "      <td>0.15</td>\n",
       "      <td>0.12</td>\n",
       "      <td>0.10</td>\n",
       "      <td>0.08</td>\n",
       "      <td>0.07</td>\n",
       "    </tr>\n",
       "    <tr>\n",
       "      <th>2</th>\n",
       "      <td>T3</td>\n",
       "      <td>0.18</td>\n",
       "      <td>0.20</td>\n",
       "      <td>1.00</td>\n",
       "      <td>0.28</td>\n",
       "      <td>0.22</td>\n",
       "      <td>0.18</td>\n",
       "      <td>0.11</td>\n",
       "      <td>0.10</td>\n",
       "    </tr>\n",
       "    <tr>\n",
       "      <th>3</th>\n",
       "      <td>C3</td>\n",
       "      <td>0.12</td>\n",
       "      <td>0.15</td>\n",
       "      <td>0.28</td>\n",
       "      <td>1.00</td>\n",
       "      <td>0.30</td>\n",
       "      <td>0.25</td>\n",
       "      <td>0.12</td>\n",
       "      <td>0.11</td>\n",
       "    </tr>\n",
       "    <tr>\n",
       "      <th>4</th>\n",
       "      <td>C4</td>\n",
       "      <td>0.10</td>\n",
       "      <td>0.12</td>\n",
       "      <td>0.22</td>\n",
       "      <td>0.30</td>\n",
       "      <td>1.00</td>\n",
       "      <td>0.35</td>\n",
       "      <td>0.14</td>\n",
       "      <td>0.13</td>\n",
       "    </tr>\n",
       "    <tr>\n",
       "      <th>5</th>\n",
       "      <td>T4</td>\n",
       "      <td>0.09</td>\n",
       "      <td>0.10</td>\n",
       "      <td>0.18</td>\n",
       "      <td>0.25</td>\n",
       "      <td>0.35</td>\n",
       "      <td>1.00</td>\n",
       "      <td>0.13</td>\n",
       "      <td>0.12</td>\n",
       "    </tr>\n",
       "    <tr>\n",
       "      <th>6</th>\n",
       "      <td>F8</td>\n",
       "      <td>0.07</td>\n",
       "      <td>0.08</td>\n",
       "      <td>0.11</td>\n",
       "      <td>0.12</td>\n",
       "      <td>0.14</td>\n",
       "      <td>0.13</td>\n",
       "      <td>1.00</td>\n",
       "      <td>0.40</td>\n",
       "    </tr>\n",
       "    <tr>\n",
       "      <th>7</th>\n",
       "      <td>FP2</td>\n",
       "      <td>0.06</td>\n",
       "      <td>0.07</td>\n",
       "      <td>0.10</td>\n",
       "      <td>0.11</td>\n",
       "      <td>0.13</td>\n",
       "      <td>0.12</td>\n",
       "      <td>0.40</td>\n",
       "      <td>1.00</td>\n",
       "    </tr>\n",
       "  </tbody>\n",
       "</table>\n",
       "</div>"
      ],
      "text/plain": [
       "  Unnamed: 0   FP1    F7    T3    C3    C4    T4    F8   FP2\n",
       "0        FP1  1.00  0.25  0.18  0.12  0.10  0.09  0.07  0.06\n",
       "1         F7  0.25  1.00  0.20  0.15  0.12  0.10  0.08  0.07\n",
       "2         T3  0.18  0.20  1.00  0.28  0.22  0.18  0.11  0.10\n",
       "3         C3  0.12  0.15  0.28  1.00  0.30  0.25  0.12  0.11\n",
       "4         C4  0.10  0.12  0.22  0.30  1.00  0.35  0.14  0.13\n",
       "5         T4  0.09  0.10  0.18  0.25  0.35  1.00  0.13  0.12\n",
       "6         F8  0.07  0.08  0.11  0.12  0.14  0.13  1.00  0.40\n",
       "7        FP2  0.06  0.07  0.10  0.11  0.13  0.12  0.40  1.00"
      ]
     },
     "execution_count": 10,
     "metadata": {},
     "output_type": "execute_result"
    }
   ],
   "source": [
    "pd.read_excel(path, sheet_name=\"coherence_chbmit_interictal\") #Para especificar que hoja del excel utilice"
   ]
  },
  {
   "cell_type": "code",
   "execution_count": 14,
   "id": "e5ed5d0e-1693-4ac0-b597-3b6e1f26b4b9",
   "metadata": {},
   "outputs": [
    {
     "name": "stdout",
     "output_type": "stream",
     "text": [
      "<class 'dict'>\n"
     ]
    },
    {
     "data": {
      "text/plain": [
       "{'coherence_motorimagery_alpha':   Unnamed: 0    F3    F4    C3    C4    P3    P4    O1    O2\n",
       " 0         F3  1.00  0.58  0.46  0.40  0.22  0.18  0.12  0.10\n",
       " 1         F4  0.58  1.00  0.44  0.39  0.20  0.17  0.11  0.09\n",
       " 2         C3  0.46  0.44  1.00  0.62  0.25  0.22  0.13  0.11\n",
       " 3         C4  0.40  0.39  0.62  1.00  0.23  0.21  0.12  0.10\n",
       " 4         P3  0.22  0.20  0.25  0.23  1.00  0.55  0.28  0.20\n",
       " 5         P4  0.18  0.17  0.22  0.21  0.55  1.00  0.27  0.19\n",
       " 6         O1  0.12  0.11  0.13  0.12  0.28  0.27  1.00  0.48\n",
       " 7         O2  0.10  0.09  0.11  0.10  0.20  0.19  0.48  1.00,\n",
       " 'coherence_chbmit_interictal':   Unnamed: 0   FP1    F7    T3    C3    C4    T4    F8   FP2\n",
       " 0        FP1  1.00  0.25  0.18  0.12  0.10  0.09  0.07  0.06\n",
       " 1         F7  0.25  1.00  0.20  0.15  0.12  0.10  0.08  0.07\n",
       " 2         T3  0.18  0.20  1.00  0.28  0.22  0.18  0.11  0.10\n",
       " 3         C3  0.12  0.15  0.28  1.00  0.30  0.25  0.12  0.11\n",
       " 4         C4  0.10  0.12  0.22  0.30  1.00  0.35  0.14  0.13\n",
       " 5         T4  0.09  0.10  0.18  0.25  0.35  1.00  0.13  0.12\n",
       " 6         F8  0.07  0.08  0.11  0.12  0.14  0.13  1.00  0.40\n",
       " 7        FP2  0.06  0.07  0.10  0.11  0.13  0.12  0.40  1.00,\n",
       " 'coherence_chbmit_ictal':   Unnamed: 0   FP1    F7    T3    C3    C4    T4    F8   FP2\n",
       " 0        FP1  1.00  0.48  0.42  0.35  0.32  0.30  0.20  0.18\n",
       " 1         F7  0.48  1.00  0.45  0.38  0.35  0.33  0.22  0.20\n",
       " 2         T3  0.42  0.45  1.00  0.58  0.52  0.48  0.28  0.26\n",
       " 3         C3  0.35  0.38  0.58  1.00  0.60  0.55  0.30  0.28\n",
       " 4         C4  0.32  0.35  0.52  0.60  1.00  0.62  0.33  0.30\n",
       " 5         T4  0.30  0.33  0.48  0.55  0.62  1.00  0.31  0.29\n",
       " 6         F8  0.20  0.22  0.28  0.30  0.33  0.31  1.00  0.45\n",
       " 7        FP2  0.18  0.20  0.26  0.28  0.30  0.29  0.45  1.00}"
      ]
     },
     "execution_count": 14,
     "metadata": {},
     "output_type": "execute_result"
    }
   ],
   "source": [
    "excel_dict = pd.read_excel(path, sheet_name=None) #poniendole none en sheet name hace cada hoja key en un diccionario y lo que está dentro\n",
    "#de esas ojas el value asocidado a esas keys\n",
    "print(type(excel_dict))\n",
    "excel_dict"
   ]
  },
  {
   "cell_type": "code",
   "execution_count": 15,
   "id": "d446cb59-3b37-4fec-8fe5-a3b0541b3a6f",
   "metadata": {},
   "outputs": [
    {
     "data": {
      "text/html": [
       "<div>\n",
       "<style scoped>\n",
       "    .dataframe tbody tr th:only-of-type {\n",
       "        vertical-align: middle;\n",
       "    }\n",
       "\n",
       "    .dataframe tbody tr th {\n",
       "        vertical-align: top;\n",
       "    }\n",
       "\n",
       "    .dataframe thead th {\n",
       "        text-align: right;\n",
       "    }\n",
       "</style>\n",
       "<table border=\"1\" class=\"dataframe\">\n",
       "  <thead>\n",
       "    <tr style=\"text-align: right;\">\n",
       "      <th></th>\n",
       "      <th>Unnamed: 0</th>\n",
       "      <th>FP1</th>\n",
       "      <th>F7</th>\n",
       "      <th>T3</th>\n",
       "      <th>C3</th>\n",
       "      <th>C4</th>\n",
       "      <th>T4</th>\n",
       "      <th>F8</th>\n",
       "      <th>FP2</th>\n",
       "    </tr>\n",
       "  </thead>\n",
       "  <tbody>\n",
       "    <tr>\n",
       "      <th>0</th>\n",
       "      <td>FP1</td>\n",
       "      <td>1.00</td>\n",
       "      <td>0.25</td>\n",
       "      <td>0.18</td>\n",
       "      <td>0.12</td>\n",
       "      <td>0.10</td>\n",
       "      <td>0.09</td>\n",
       "      <td>0.07</td>\n",
       "      <td>0.06</td>\n",
       "    </tr>\n",
       "    <tr>\n",
       "      <th>1</th>\n",
       "      <td>F7</td>\n",
       "      <td>0.25</td>\n",
       "      <td>1.00</td>\n",
       "      <td>0.20</td>\n",
       "      <td>0.15</td>\n",
       "      <td>0.12</td>\n",
       "      <td>0.10</td>\n",
       "      <td>0.08</td>\n",
       "      <td>0.07</td>\n",
       "    </tr>\n",
       "    <tr>\n",
       "      <th>2</th>\n",
       "      <td>T3</td>\n",
       "      <td>0.18</td>\n",
       "      <td>0.20</td>\n",
       "      <td>1.00</td>\n",
       "      <td>0.28</td>\n",
       "      <td>0.22</td>\n",
       "      <td>0.18</td>\n",
       "      <td>0.11</td>\n",
       "      <td>0.10</td>\n",
       "    </tr>\n",
       "    <tr>\n",
       "      <th>3</th>\n",
       "      <td>C3</td>\n",
       "      <td>0.12</td>\n",
       "      <td>0.15</td>\n",
       "      <td>0.28</td>\n",
       "      <td>1.00</td>\n",
       "      <td>0.30</td>\n",
       "      <td>0.25</td>\n",
       "      <td>0.12</td>\n",
       "      <td>0.11</td>\n",
       "    </tr>\n",
       "    <tr>\n",
       "      <th>4</th>\n",
       "      <td>C4</td>\n",
       "      <td>0.10</td>\n",
       "      <td>0.12</td>\n",
       "      <td>0.22</td>\n",
       "      <td>0.30</td>\n",
       "      <td>1.00</td>\n",
       "      <td>0.35</td>\n",
       "      <td>0.14</td>\n",
       "      <td>0.13</td>\n",
       "    </tr>\n",
       "    <tr>\n",
       "      <th>5</th>\n",
       "      <td>T4</td>\n",
       "      <td>0.09</td>\n",
       "      <td>0.10</td>\n",
       "      <td>0.18</td>\n",
       "      <td>0.25</td>\n",
       "      <td>0.35</td>\n",
       "      <td>1.00</td>\n",
       "      <td>0.13</td>\n",
       "      <td>0.12</td>\n",
       "    </tr>\n",
       "    <tr>\n",
       "      <th>6</th>\n",
       "      <td>F8</td>\n",
       "      <td>0.07</td>\n",
       "      <td>0.08</td>\n",
       "      <td>0.11</td>\n",
       "      <td>0.12</td>\n",
       "      <td>0.14</td>\n",
       "      <td>0.13</td>\n",
       "      <td>1.00</td>\n",
       "      <td>0.40</td>\n",
       "    </tr>\n",
       "    <tr>\n",
       "      <th>7</th>\n",
       "      <td>FP2</td>\n",
       "      <td>0.06</td>\n",
       "      <td>0.07</td>\n",
       "      <td>0.10</td>\n",
       "      <td>0.11</td>\n",
       "      <td>0.13</td>\n",
       "      <td>0.12</td>\n",
       "      <td>0.40</td>\n",
       "      <td>1.00</td>\n",
       "    </tr>\n",
       "  </tbody>\n",
       "</table>\n",
       "</div>"
      ],
      "text/plain": [
       "  Unnamed: 0   FP1    F7    T3    C3    C4    T4    F8   FP2\n",
       "0        FP1  1.00  0.25  0.18  0.12  0.10  0.09  0.07  0.06\n",
       "1         F7  0.25  1.00  0.20  0.15  0.12  0.10  0.08  0.07\n",
       "2         T3  0.18  0.20  1.00  0.28  0.22  0.18  0.11  0.10\n",
       "3         C3  0.12  0.15  0.28  1.00  0.30  0.25  0.12  0.11\n",
       "4         C4  0.10  0.12  0.22  0.30  1.00  0.35  0.14  0.13\n",
       "5         T4  0.09  0.10  0.18  0.25  0.35  1.00  0.13  0.12\n",
       "6         F8  0.07  0.08  0.11  0.12  0.14  0.13  1.00  0.40\n",
       "7        FP2  0.06  0.07  0.10  0.11  0.13  0.12  0.40  1.00"
      ]
     },
     "execution_count": 15,
     "metadata": {},
     "output_type": "execute_result"
    }
   ],
   "source": [
    "excel_dict[\"coherence_chbmit_interictal\"] #y se puede obtener cada hoja "
   ]
  },
  {
   "cell_type": "code",
   "execution_count": null,
   "id": "566012fe-2816-4896-b3bd-5bf5eb821a5b",
   "metadata": {},
   "outputs": [],
   "source": []
  }
 ],
 "metadata": {
  "kernelspec": {
   "display_name": "Python 3 (ipykernel)",
   "language": "python",
   "name": "python3"
  },
  "language_info": {
   "codemirror_mode": {
    "name": "ipython",
    "version": 3
   },
   "file_extension": ".py",
   "mimetype": "text/x-python",
   "name": "python",
   "nbconvert_exporter": "python",
   "pygments_lexer": "ipython3",
   "version": "3.10.4"
  }
 },
 "nbformat": 4,
 "nbformat_minor": 5
}
