{
 "cells": [
  {
   "cell_type": "code",
   "execution_count": 17,
   "id": "23cf9b03-3449-4e8d-aa9a-f7b4cc48ed46",
   "metadata": {},
   "outputs": [],
   "source": [
    "import warnings\n",
    "warnings.simplefilter(action='ignore', category=FutureWarning)\n",
    "import matplotlib.pyplot as plt\n",
    "import networkx as nx\n",
    "import pandas as pd\n",
    "import numpy as np\n",
    "from scipy.signal import medfilt\n",
    "import glob, os\n",
    "from mi_modulo import *\n"
   ]
  },
  {
   "cell_type": "code",
   "execution_count": 19,
   "id": "f958c59b-7a9d-4ccc-ba9d-8bada97c3824",
   "metadata": {},
   "outputs": [
    {
     "name": "stdout",
     "output_type": "stream",
     "text": [
      "Matriz de correlación promedio (ALS):\n",
      "                Left_Stride  Right_Stride  Left_Swing  Right_Swing  \\\n",
      "Left_Stride        1.000000      0.739462    0.438200     0.268328   \n",
      "Right_Stride       0.739462      1.000000    0.257363     0.338546   \n",
      "Left_Swing         0.438200      0.257363    1.000000     0.176888   \n",
      "Right_Swing        0.268328      0.338546    0.176888     1.000000   \n",
      "Left_Stance        0.861569      0.764673    0.162178     0.299005   \n",
      "Right_Stance       0.709638      0.876115    0.263275     0.092592   \n",
      "Double_Support     0.665802      0.581529    0.092471    -0.012612   \n",
      "\n",
      "                Left_Stance  Right_Stance  Double_Support  \n",
      "Left_Stride        0.861569      0.709638        0.665802  \n",
      "Right_Stride       0.764673      0.876115        0.581529  \n",
      "Left_Swing         0.162178      0.263275        0.092471  \n",
      "Right_Swing        0.299005      0.092592       -0.012612  \n",
      "Left_Stance        1.000000      0.732533        0.747091  \n",
      "Right_Stance       0.732533      1.000000        0.694197  \n",
      "Double_Support     0.747091      0.694197        1.000000  \n"
     ]
    }
   ],
   "source": [
    "\n",
    "\n",
    "# Ruta donde están los .ts\n",
    "path_grupo = r\"C:\\Users\\mafig\\OneDrive\\modelos Gait\\als\"\n",
    "\n",
    "def cargar_filtrar_ts(path):\n",
    "    df = pd.read_csv(path, delim_whitespace=True, header=None)\n",
    "    df.columns = [\n",
    "        \"Elapsed_Time\",\n",
    "        \"Left_Stride\", \"Right_Stride\",\n",
    "        \"Left_Swing\", \"Right_Swing\",\n",
    "        \"Left_Swing_%\", \"Right_Swing_%\",\n",
    "        \"Left_Stance\", \"Right_Stance\",\n",
    "        \"Left_Stance_%\", \"Right_Stance_%\",\n",
    "        \"Double_Support\", \"Double_Support_%\"\n",
    "    ]\n",
    "    df = df[df[\"Elapsed_Time\"] > 20].reset_index(drop=True)\n",
    "    for col in df.columns.drop(\"Elapsed_Time\"):\n",
    "        df[col] = medfilt(df[col], kernel_size=3)\n",
    "    return df\n",
    "\n",
    "def matriz_correlacion(df):\n",
    "    cols = [\n",
    "        \"Left_Stride\", \"Right_Stride\",\n",
    "        \"Left_Swing\", \"Right_Swing\",\n",
    "        \"Left_Stance\", \"Right_Stance\",\n",
    "        \"Double_Support\"\n",
    "    ]\n",
    "    return df[cols].corr()\n",
    "\n",
    "def procesar_grupo(folder_path):\n",
    "    archivos = glob.glob(os.path.join(folder_path, \"*.ts\"))\n",
    "    if len(archivos) == 0:\n",
    "        raise FileNotFoundError(f\"No se encontraron archivos .ts en {folder_path}\")\n",
    "    \n",
    "    matrices = []\n",
    "    for archivo in archivos:\n",
    "        df = cargar_filtrar_ts(archivo)\n",
    "        corr = matriz_correlacion(df)\n",
    "        matrices.append(corr)\n",
    "    \n",
    "    mean_corr = sum(matrices) / len(matrices)\n",
    "    return mean_corr, matrices\n",
    "\n",
    "# ---- Ejecutar ----\n",
    "mean_corr_als,mat_als = procesar_grupo(path_grupo)\n",
    "\n",
    "print(\"Matriz de correlación promedio (ALS):\")\n",
    "print(mean_corr_als)\n"
   ]
  },
  {
   "cell_type": "code",
   "execution_count": 4,
   "id": "670bd95a-9491-4d26-8707-6a12de4baf99",
   "metadata": {},
   "outputs": [],
   "source": [
    "import seaborn as sns"
   ]
  },
  {
   "cell_type": "code",
   "execution_count": 21,
   "id": "d46823ce-e3f9-4aa1-af9e-52c3df042c67",
   "metadata": {},
   "outputs": [
    {
     "name": "stdout",
     "output_type": "stream",
     "text": [
      "Matriz de correlación promedio (control):\n",
      "                Left_Stride  Right_Stride  Left_Swing  Right_Swing  \\\n",
      "Left_Stride        1.000000      0.855592    0.594524     0.579700   \n",
      "Right_Stride       0.855592      1.000000    0.504198     0.607758   \n",
      "Left_Swing         0.594524      0.504198    1.000000     0.357662   \n",
      "Right_Swing        0.579700      0.607758    0.357662     1.000000   \n",
      "Left_Stance        0.892827      0.836193    0.314516     0.560109   \n",
      "Right_Stance       0.782789      0.880193    0.467217     0.302061   \n",
      "Double_Support     0.710373      0.661886    0.161515     0.153537   \n",
      "\n",
      "                Left_Stance  Right_Stance  Double_Support  \n",
      "Left_Stride        0.892827      0.782789        0.710373  \n",
      "Right_Stride       0.836193      0.880193        0.661886  \n",
      "Left_Swing         0.314516      0.467217        0.161515  \n",
      "Right_Swing        0.560109      0.302061        0.153537  \n",
      "Left_Stance        1.000000      0.762617        0.829775  \n",
      "Right_Stance       0.762617      1.000000        0.762679  \n",
      "Double_Support     0.829775      0.762679        1.000000  \n"
     ]
    }
   ],
   "source": [
    "path_grupo = r\"C:\\Users\\mafig\\OneDrive\\modelos Gait\\control\"\n",
    "mean_corr_control, mat_cont = procesar_grupo(path_grupo)\n",
    "\n",
    "print(\"Matriz de correlación promedio (control):\")\n",
    "print(mean_corr_control)\n"
   ]
  },
  {
   "cell_type": "code",
   "execution_count": 23,
   "id": "cff0acb4-2f80-46e9-a7a9-45d8cf181be3",
   "metadata": {},
   "outputs": [
    {
     "name": "stdout",
     "output_type": "stream",
     "text": [
      "Matriz de correlación promedio (huntington):\n",
      "                Left_Stride  Right_Stride  Left_Swing  Right_Swing  \\\n",
      "Left_Stride        1.000000      0.671385    0.575449     0.409625   \n",
      "Right_Stride       0.671385      1.000000    0.404611     0.463886   \n",
      "Left_Swing         0.575449      0.404611    1.000000     0.200514   \n",
      "Right_Swing        0.409625      0.463886    0.200514     1.000000   \n",
      "Left_Stance        0.821538      0.657882    0.225297     0.425090   \n",
      "Right_Stance       0.572987      0.803705    0.371300     0.107495   \n",
      "Double_Support     0.537105      0.436332    0.088902    -0.103615   \n",
      "\n",
      "                Left_Stance  Right_Stance  Double_Support  \n",
      "Left_Stride        0.821538      0.572987        0.537105  \n",
      "Right_Stride       0.657882      0.803705        0.436332  \n",
      "Left_Swing         0.225297      0.371300        0.088902  \n",
      "Right_Swing        0.425090      0.107495       -0.103615  \n",
      "Left_Stance        1.000000      0.528938        0.681757  \n",
      "Right_Stance       0.528938      1.000000        0.563878  \n",
      "Double_Support     0.681757      0.563878        1.000000  \n"
     ]
    }
   ],
   "source": [
    "path_grupo = r\"C:\\Users\\mafig\\OneDrive\\modelos Gait\\hunt\"\n",
    "mean_corr_hunt,mat_hunt = procesar_grupo(path_grupo)\n",
    "\n",
    "print(\"Matriz de correlación promedio (huntington):\")\n",
    "print(mean_corr_hunt);\n"
   ]
  },
  {
   "cell_type": "code",
   "execution_count": 25,
   "id": "cc171a89-2d68-4797-b385-e75ceffdeb3a",
   "metadata": {},
   "outputs": [
    {
     "name": "stdout",
     "output_type": "stream",
     "text": [
      "Matriz de correlación promedio (park):\n",
      "                Left_Stride  Right_Stride  Left_Swing  Right_Swing  \\\n",
      "Left_Stride        1.000000      0.675566    0.526716     0.394333   \n",
      "Right_Stride       0.675566      1.000000    0.423476     0.469131   \n",
      "Left_Swing         0.526716      0.423476    1.000000     0.416311   \n",
      "Right_Swing        0.394333      0.469131    0.416311     1.000000   \n",
      "Left_Stance        0.822496      0.605328    0.141598     0.299192   \n",
      "Right_Stance       0.596826      0.799494    0.284410     0.074311   \n",
      "Double_Support     0.580280      0.365069   -0.053203    -0.147052   \n",
      "\n",
      "                Left_Stance  Right_Stance  Double_Support  \n",
      "Left_Stride        0.822496      0.596826        0.580280  \n",
      "Right_Stride       0.605328      0.799494        0.365069  \n",
      "Left_Swing         0.141598      0.284410       -0.053203  \n",
      "Right_Swing        0.299192      0.074311       -0.147052  \n",
      "Left_Stance        1.000000      0.572734        0.770121  \n",
      "Right_Stance       0.572734      1.000000        0.518788  \n",
      "Double_Support     0.770121      0.518788        1.000000  \n"
     ]
    }
   ],
   "source": [
    "path_grupo = r\"C:\\Users\\mafig\\OneDrive\\modelos Gait\\park\"\n",
    "mean_corr_park, mat_park = procesar_grupo(path_grupo)\n",
    "\n",
    "print(\"Matriz de correlación promedio (park):\")\n",
    "print(mean_corr_park);\n"
   ]
  },
  {
   "cell_type": "markdown",
   "id": "425acfaf-4c62-44cb-97a0-0b82604eef9d",
   "metadata": {},
   "source": [
    "# Matriz de correlación"
   ]
  },
  {
   "cell_type": "code",
   "execution_count": 36,
   "id": "985ef0fa-41f8-4920-b69c-cf5819dc4b00",
   "metadata": {},
   "outputs": [
    {
     "data": {
      "text/html": [
       "<div>\n",
       "<style scoped>\n",
       "    .dataframe tbody tr th:only-of-type {\n",
       "        vertical-align: middle;\n",
       "    }\n",
       "\n",
       "    .dataframe tbody tr th {\n",
       "        vertical-align: top;\n",
       "    }\n",
       "\n",
       "    .dataframe thead th {\n",
       "        text-align: right;\n",
       "    }\n",
       "</style>\n",
       "<table border=\"1\" class=\"dataframe\">\n",
       "  <thead>\n",
       "    <tr style=\"text-align: right;\">\n",
       "      <th></th>\n",
       "      <th>Left_Stride</th>\n",
       "      <th>Right_Stride</th>\n",
       "      <th>Left_Swing</th>\n",
       "      <th>Right_Swing</th>\n",
       "      <th>Left_Stance</th>\n",
       "      <th>Right_Stance</th>\n",
       "      <th>Double_Support</th>\n",
       "    </tr>\n",
       "  </thead>\n",
       "  <tbody>\n",
       "    <tr>\n",
       "      <th>Left_Stride</th>\n",
       "      <td>1.000000</td>\n",
       "      <td>0.855592</td>\n",
       "      <td>0.594524</td>\n",
       "      <td>0.579700</td>\n",
       "      <td>0.892827</td>\n",
       "      <td>0.782789</td>\n",
       "      <td>0.710373</td>\n",
       "    </tr>\n",
       "    <tr>\n",
       "      <th>Right_Stride</th>\n",
       "      <td>0.855592</td>\n",
       "      <td>1.000000</td>\n",
       "      <td>0.504198</td>\n",
       "      <td>0.607758</td>\n",
       "      <td>0.836193</td>\n",
       "      <td>0.880193</td>\n",
       "      <td>0.661886</td>\n",
       "    </tr>\n",
       "    <tr>\n",
       "      <th>Left_Swing</th>\n",
       "      <td>0.594524</td>\n",
       "      <td>0.504198</td>\n",
       "      <td>1.000000</td>\n",
       "      <td>0.357662</td>\n",
       "      <td>0.314516</td>\n",
       "      <td>0.467217</td>\n",
       "      <td>0.161515</td>\n",
       "    </tr>\n",
       "    <tr>\n",
       "      <th>Right_Swing</th>\n",
       "      <td>0.579700</td>\n",
       "      <td>0.607758</td>\n",
       "      <td>0.357662</td>\n",
       "      <td>1.000000</td>\n",
       "      <td>0.560109</td>\n",
       "      <td>0.302061</td>\n",
       "      <td>0.153537</td>\n",
       "    </tr>\n",
       "    <tr>\n",
       "      <th>Left_Stance</th>\n",
       "      <td>0.892827</td>\n",
       "      <td>0.836193</td>\n",
       "      <td>0.314516</td>\n",
       "      <td>0.560109</td>\n",
       "      <td>1.000000</td>\n",
       "      <td>0.762617</td>\n",
       "      <td>0.829775</td>\n",
       "    </tr>\n",
       "    <tr>\n",
       "      <th>Right_Stance</th>\n",
       "      <td>0.782789</td>\n",
       "      <td>0.880193</td>\n",
       "      <td>0.467217</td>\n",
       "      <td>0.302061</td>\n",
       "      <td>0.762617</td>\n",
       "      <td>1.000000</td>\n",
       "      <td>0.762679</td>\n",
       "    </tr>\n",
       "    <tr>\n",
       "      <th>Double_Support</th>\n",
       "      <td>0.710373</td>\n",
       "      <td>0.661886</td>\n",
       "      <td>0.161515</td>\n",
       "      <td>0.153537</td>\n",
       "      <td>0.829775</td>\n",
       "      <td>0.762679</td>\n",
       "      <td>1.000000</td>\n",
       "    </tr>\n",
       "  </tbody>\n",
       "</table>\n",
       "</div>"
      ],
      "text/plain": [
       "                Left_Stride  Right_Stride  Left_Swing  Right_Swing  \\\n",
       "Left_Stride        1.000000      0.855592    0.594524     0.579700   \n",
       "Right_Stride       0.855592      1.000000    0.504198     0.607758   \n",
       "Left_Swing         0.594524      0.504198    1.000000     0.357662   \n",
       "Right_Swing        0.579700      0.607758    0.357662     1.000000   \n",
       "Left_Stance        0.892827      0.836193    0.314516     0.560109   \n",
       "Right_Stance       0.782789      0.880193    0.467217     0.302061   \n",
       "Double_Support     0.710373      0.661886    0.161515     0.153537   \n",
       "\n",
       "                Left_Stance  Right_Stance  Double_Support  \n",
       "Left_Stride        0.892827      0.782789        0.710373  \n",
       "Right_Stride       0.836193      0.880193        0.661886  \n",
       "Left_Swing         0.314516      0.467217        0.161515  \n",
       "Right_Swing        0.560109      0.302061        0.153537  \n",
       "Left_Stance        1.000000      0.762617        0.829775  \n",
       "Right_Stance       0.762617      1.000000        0.762679  \n",
       "Double_Support     0.829775      0.762679        1.000000  "
      ]
     },
     "execution_count": 36,
     "metadata": {},
     "output_type": "execute_result"
    }
   ],
   "source": [
    "#Matriz de correlación promedio de Control\n",
    "mean_corr_control"
   ]
  },
  {
   "cell_type": "code",
   "execution_count": 37,
   "id": "64348cf4-9e62-4086-a548-8438e042398f",
   "metadata": {},
   "outputs": [
    {
     "data": {
      "text/html": [
       "<div>\n",
       "<style scoped>\n",
       "    .dataframe tbody tr th:only-of-type {\n",
       "        vertical-align: middle;\n",
       "    }\n",
       "\n",
       "    .dataframe tbody tr th {\n",
       "        vertical-align: top;\n",
       "    }\n",
       "\n",
       "    .dataframe thead th {\n",
       "        text-align: right;\n",
       "    }\n",
       "</style>\n",
       "<table border=\"1\" class=\"dataframe\">\n",
       "  <thead>\n",
       "    <tr style=\"text-align: right;\">\n",
       "      <th></th>\n",
       "      <th>Left_Stride</th>\n",
       "      <th>Right_Stride</th>\n",
       "      <th>Left_Swing</th>\n",
       "      <th>Right_Swing</th>\n",
       "      <th>Left_Stance</th>\n",
       "      <th>Right_Stance</th>\n",
       "      <th>Double_Support</th>\n",
       "    </tr>\n",
       "  </thead>\n",
       "  <tbody>\n",
       "    <tr>\n",
       "      <th>Left_Stride</th>\n",
       "      <td>1.000000</td>\n",
       "      <td>0.739462</td>\n",
       "      <td>0.438200</td>\n",
       "      <td>0.268328</td>\n",
       "      <td>0.861569</td>\n",
       "      <td>0.709638</td>\n",
       "      <td>0.665802</td>\n",
       "    </tr>\n",
       "    <tr>\n",
       "      <th>Right_Stride</th>\n",
       "      <td>0.739462</td>\n",
       "      <td>1.000000</td>\n",
       "      <td>0.257363</td>\n",
       "      <td>0.338546</td>\n",
       "      <td>0.764673</td>\n",
       "      <td>0.876115</td>\n",
       "      <td>0.581529</td>\n",
       "    </tr>\n",
       "    <tr>\n",
       "      <th>Left_Swing</th>\n",
       "      <td>0.438200</td>\n",
       "      <td>0.257363</td>\n",
       "      <td>1.000000</td>\n",
       "      <td>0.176888</td>\n",
       "      <td>0.162178</td>\n",
       "      <td>0.263275</td>\n",
       "      <td>0.092471</td>\n",
       "    </tr>\n",
       "    <tr>\n",
       "      <th>Right_Swing</th>\n",
       "      <td>0.268328</td>\n",
       "      <td>0.338546</td>\n",
       "      <td>0.176888</td>\n",
       "      <td>1.000000</td>\n",
       "      <td>0.299005</td>\n",
       "      <td>0.092592</td>\n",
       "      <td>-0.012612</td>\n",
       "    </tr>\n",
       "    <tr>\n",
       "      <th>Left_Stance</th>\n",
       "      <td>0.861569</td>\n",
       "      <td>0.764673</td>\n",
       "      <td>0.162178</td>\n",
       "      <td>0.299005</td>\n",
       "      <td>1.000000</td>\n",
       "      <td>0.732533</td>\n",
       "      <td>0.747091</td>\n",
       "    </tr>\n",
       "    <tr>\n",
       "      <th>Right_Stance</th>\n",
       "      <td>0.709638</td>\n",
       "      <td>0.876115</td>\n",
       "      <td>0.263275</td>\n",
       "      <td>0.092592</td>\n",
       "      <td>0.732533</td>\n",
       "      <td>1.000000</td>\n",
       "      <td>0.694197</td>\n",
       "    </tr>\n",
       "    <tr>\n",
       "      <th>Double_Support</th>\n",
       "      <td>0.665802</td>\n",
       "      <td>0.581529</td>\n",
       "      <td>0.092471</td>\n",
       "      <td>-0.012612</td>\n",
       "      <td>0.747091</td>\n",
       "      <td>0.694197</td>\n",
       "      <td>1.000000</td>\n",
       "    </tr>\n",
       "  </tbody>\n",
       "</table>\n",
       "</div>"
      ],
      "text/plain": [
       "                Left_Stride  Right_Stride  Left_Swing  Right_Swing  \\\n",
       "Left_Stride        1.000000      0.739462    0.438200     0.268328   \n",
       "Right_Stride       0.739462      1.000000    0.257363     0.338546   \n",
       "Left_Swing         0.438200      0.257363    1.000000     0.176888   \n",
       "Right_Swing        0.268328      0.338546    0.176888     1.000000   \n",
       "Left_Stance        0.861569      0.764673    0.162178     0.299005   \n",
       "Right_Stance       0.709638      0.876115    0.263275     0.092592   \n",
       "Double_Support     0.665802      0.581529    0.092471    -0.012612   \n",
       "\n",
       "                Left_Stance  Right_Stance  Double_Support  \n",
       "Left_Stride        0.861569      0.709638        0.665802  \n",
       "Right_Stride       0.764673      0.876115        0.581529  \n",
       "Left_Swing         0.162178      0.263275        0.092471  \n",
       "Right_Swing        0.299005      0.092592       -0.012612  \n",
       "Left_Stance        1.000000      0.732533        0.747091  \n",
       "Right_Stance       0.732533      1.000000        0.694197  \n",
       "Double_Support     0.747091      0.694197        1.000000  "
      ]
     },
     "execution_count": 37,
     "metadata": {},
     "output_type": "execute_result"
    }
   ],
   "source": [
    "#Matriz de correlación promedio de ALS\n",
    "mean_corr_als"
   ]
  },
  {
   "cell_type": "code",
   "execution_count": 38,
   "id": "01cc3605-f297-4a32-91d0-2980d643ece2",
   "metadata": {},
   "outputs": [
    {
     "data": {
      "text/html": [
       "<div>\n",
       "<style scoped>\n",
       "    .dataframe tbody tr th:only-of-type {\n",
       "        vertical-align: middle;\n",
       "    }\n",
       "\n",
       "    .dataframe tbody tr th {\n",
       "        vertical-align: top;\n",
       "    }\n",
       "\n",
       "    .dataframe thead th {\n",
       "        text-align: right;\n",
       "    }\n",
       "</style>\n",
       "<table border=\"1\" class=\"dataframe\">\n",
       "  <thead>\n",
       "    <tr style=\"text-align: right;\">\n",
       "      <th></th>\n",
       "      <th>Left_Stride</th>\n",
       "      <th>Right_Stride</th>\n",
       "      <th>Left_Swing</th>\n",
       "      <th>Right_Swing</th>\n",
       "      <th>Left_Stance</th>\n",
       "      <th>Right_Stance</th>\n",
       "      <th>Double_Support</th>\n",
       "    </tr>\n",
       "  </thead>\n",
       "  <tbody>\n",
       "    <tr>\n",
       "      <th>Left_Stride</th>\n",
       "      <td>1.000000</td>\n",
       "      <td>0.675566</td>\n",
       "      <td>0.526716</td>\n",
       "      <td>0.394333</td>\n",
       "      <td>0.822496</td>\n",
       "      <td>0.596826</td>\n",
       "      <td>0.580280</td>\n",
       "    </tr>\n",
       "    <tr>\n",
       "      <th>Right_Stride</th>\n",
       "      <td>0.675566</td>\n",
       "      <td>1.000000</td>\n",
       "      <td>0.423476</td>\n",
       "      <td>0.469131</td>\n",
       "      <td>0.605328</td>\n",
       "      <td>0.799494</td>\n",
       "      <td>0.365069</td>\n",
       "    </tr>\n",
       "    <tr>\n",
       "      <th>Left_Swing</th>\n",
       "      <td>0.526716</td>\n",
       "      <td>0.423476</td>\n",
       "      <td>1.000000</td>\n",
       "      <td>0.416311</td>\n",
       "      <td>0.141598</td>\n",
       "      <td>0.284410</td>\n",
       "      <td>-0.053203</td>\n",
       "    </tr>\n",
       "    <tr>\n",
       "      <th>Right_Swing</th>\n",
       "      <td>0.394333</td>\n",
       "      <td>0.469131</td>\n",
       "      <td>0.416311</td>\n",
       "      <td>1.000000</td>\n",
       "      <td>0.299192</td>\n",
       "      <td>0.074311</td>\n",
       "      <td>-0.147052</td>\n",
       "    </tr>\n",
       "    <tr>\n",
       "      <th>Left_Stance</th>\n",
       "      <td>0.822496</td>\n",
       "      <td>0.605328</td>\n",
       "      <td>0.141598</td>\n",
       "      <td>0.299192</td>\n",
       "      <td>1.000000</td>\n",
       "      <td>0.572734</td>\n",
       "      <td>0.770121</td>\n",
       "    </tr>\n",
       "    <tr>\n",
       "      <th>Right_Stance</th>\n",
       "      <td>0.596826</td>\n",
       "      <td>0.799494</td>\n",
       "      <td>0.284410</td>\n",
       "      <td>0.074311</td>\n",
       "      <td>0.572734</td>\n",
       "      <td>1.000000</td>\n",
       "      <td>0.518788</td>\n",
       "    </tr>\n",
       "    <tr>\n",
       "      <th>Double_Support</th>\n",
       "      <td>0.580280</td>\n",
       "      <td>0.365069</td>\n",
       "      <td>-0.053203</td>\n",
       "      <td>-0.147052</td>\n",
       "      <td>0.770121</td>\n",
       "      <td>0.518788</td>\n",
       "      <td>1.000000</td>\n",
       "    </tr>\n",
       "  </tbody>\n",
       "</table>\n",
       "</div>"
      ],
      "text/plain": [
       "                Left_Stride  Right_Stride  Left_Swing  Right_Swing  \\\n",
       "Left_Stride        1.000000      0.675566    0.526716     0.394333   \n",
       "Right_Stride       0.675566      1.000000    0.423476     0.469131   \n",
       "Left_Swing         0.526716      0.423476    1.000000     0.416311   \n",
       "Right_Swing        0.394333      0.469131    0.416311     1.000000   \n",
       "Left_Stance        0.822496      0.605328    0.141598     0.299192   \n",
       "Right_Stance       0.596826      0.799494    0.284410     0.074311   \n",
       "Double_Support     0.580280      0.365069   -0.053203    -0.147052   \n",
       "\n",
       "                Left_Stance  Right_Stance  Double_Support  \n",
       "Left_Stride        0.822496      0.596826        0.580280  \n",
       "Right_Stride       0.605328      0.799494        0.365069  \n",
       "Left_Swing         0.141598      0.284410       -0.053203  \n",
       "Right_Swing        0.299192      0.074311       -0.147052  \n",
       "Left_Stance        1.000000      0.572734        0.770121  \n",
       "Right_Stance       0.572734      1.000000        0.518788  \n",
       "Double_Support     0.770121      0.518788        1.000000  "
      ]
     },
     "execution_count": 38,
     "metadata": {},
     "output_type": "execute_result"
    }
   ],
   "source": [
    "#Matriz de correlación promedio de Parkinson\n",
    "mean_corr_park"
   ]
  },
  {
   "cell_type": "code",
   "execution_count": 39,
   "id": "5275bd63-147f-44b7-becd-a27a46c59456",
   "metadata": {},
   "outputs": [
    {
     "data": {
      "text/html": [
       "<div>\n",
       "<style scoped>\n",
       "    .dataframe tbody tr th:only-of-type {\n",
       "        vertical-align: middle;\n",
       "    }\n",
       "\n",
       "    .dataframe tbody tr th {\n",
       "        vertical-align: top;\n",
       "    }\n",
       "\n",
       "    .dataframe thead th {\n",
       "        text-align: right;\n",
       "    }\n",
       "</style>\n",
       "<table border=\"1\" class=\"dataframe\">\n",
       "  <thead>\n",
       "    <tr style=\"text-align: right;\">\n",
       "      <th></th>\n",
       "      <th>Left_Stride</th>\n",
       "      <th>Right_Stride</th>\n",
       "      <th>Left_Swing</th>\n",
       "      <th>Right_Swing</th>\n",
       "      <th>Left_Stance</th>\n",
       "      <th>Right_Stance</th>\n",
       "      <th>Double_Support</th>\n",
       "    </tr>\n",
       "  </thead>\n",
       "  <tbody>\n",
       "    <tr>\n",
       "      <th>Left_Stride</th>\n",
       "      <td>1.000000</td>\n",
       "      <td>0.671385</td>\n",
       "      <td>0.575449</td>\n",
       "      <td>0.409625</td>\n",
       "      <td>0.821538</td>\n",
       "      <td>0.572987</td>\n",
       "      <td>0.537105</td>\n",
       "    </tr>\n",
       "    <tr>\n",
       "      <th>Right_Stride</th>\n",
       "      <td>0.671385</td>\n",
       "      <td>1.000000</td>\n",
       "      <td>0.404611</td>\n",
       "      <td>0.463886</td>\n",
       "      <td>0.657882</td>\n",
       "      <td>0.803705</td>\n",
       "      <td>0.436332</td>\n",
       "    </tr>\n",
       "    <tr>\n",
       "      <th>Left_Swing</th>\n",
       "      <td>0.575449</td>\n",
       "      <td>0.404611</td>\n",
       "      <td>1.000000</td>\n",
       "      <td>0.200514</td>\n",
       "      <td>0.225297</td>\n",
       "      <td>0.371300</td>\n",
       "      <td>0.088902</td>\n",
       "    </tr>\n",
       "    <tr>\n",
       "      <th>Right_Swing</th>\n",
       "      <td>0.409625</td>\n",
       "      <td>0.463886</td>\n",
       "      <td>0.200514</td>\n",
       "      <td>1.000000</td>\n",
       "      <td>0.425090</td>\n",
       "      <td>0.107495</td>\n",
       "      <td>-0.103615</td>\n",
       "    </tr>\n",
       "    <tr>\n",
       "      <th>Left_Stance</th>\n",
       "      <td>0.821538</td>\n",
       "      <td>0.657882</td>\n",
       "      <td>0.225297</td>\n",
       "      <td>0.425090</td>\n",
       "      <td>1.000000</td>\n",
       "      <td>0.528938</td>\n",
       "      <td>0.681757</td>\n",
       "    </tr>\n",
       "    <tr>\n",
       "      <th>Right_Stance</th>\n",
       "      <td>0.572987</td>\n",
       "      <td>0.803705</td>\n",
       "      <td>0.371300</td>\n",
       "      <td>0.107495</td>\n",
       "      <td>0.528938</td>\n",
       "      <td>1.000000</td>\n",
       "      <td>0.563878</td>\n",
       "    </tr>\n",
       "    <tr>\n",
       "      <th>Double_Support</th>\n",
       "      <td>0.537105</td>\n",
       "      <td>0.436332</td>\n",
       "      <td>0.088902</td>\n",
       "      <td>-0.103615</td>\n",
       "      <td>0.681757</td>\n",
       "      <td>0.563878</td>\n",
       "      <td>1.000000</td>\n",
       "    </tr>\n",
       "  </tbody>\n",
       "</table>\n",
       "</div>"
      ],
      "text/plain": [
       "                Left_Stride  Right_Stride  Left_Swing  Right_Swing  \\\n",
       "Left_Stride        1.000000      0.671385    0.575449     0.409625   \n",
       "Right_Stride       0.671385      1.000000    0.404611     0.463886   \n",
       "Left_Swing         0.575449      0.404611    1.000000     0.200514   \n",
       "Right_Swing        0.409625      0.463886    0.200514     1.000000   \n",
       "Left_Stance        0.821538      0.657882    0.225297     0.425090   \n",
       "Right_Stance       0.572987      0.803705    0.371300     0.107495   \n",
       "Double_Support     0.537105      0.436332    0.088902    -0.103615   \n",
       "\n",
       "                Left_Stance  Right_Stance  Double_Support  \n",
       "Left_Stride        0.821538      0.572987        0.537105  \n",
       "Right_Stride       0.657882      0.803705        0.436332  \n",
       "Left_Swing         0.225297      0.371300        0.088902  \n",
       "Right_Swing        0.425090      0.107495       -0.103615  \n",
       "Left_Stance        1.000000      0.528938        0.681757  \n",
       "Right_Stance       0.528938      1.000000        0.563878  \n",
       "Double_Support     0.681757      0.563878        1.000000  "
      ]
     },
     "execution_count": 39,
     "metadata": {},
     "output_type": "execute_result"
    }
   ],
   "source": [
    "#Matriz de correlación promedio de Huntington\n",
    "mean_corr_hunt"
   ]
  },
  {
   "cell_type": "code",
   "execution_count": 12,
   "id": "208495c2-cfb6-45fc-aac9-9f11f575eceb",
   "metadata": {},
   "outputs": [
    {
     "data": {
